380,0.1086,0.1053,0.0858,0.079,0.1167,0.0872,0.0726,0.0652,0.0643,0.054,0.0482,0.0691,0.0829,0.053,0.0908
381,0.11238,0.10873,0.087306,0.081427,0.11872,0.088844,0.073093,0.065268,0.064376,0.052919,0.047646,0.069001,0.082768,0.052626,0.092352
382,0.11768,0.11356,0.089487,0.084853,0.12169,0.091153,0.073763,0.065361,0.064541,0.051561,0.046951,0.068904,0.082631,0.052131,0.09449
383,0.12403,0.11937,0.092236,0.089006,0.1255,0.09393,0.074527,0.065471,0.064848,0.050235,0.046273,0.068867,0.082561,0.051593,0.096982
384,0.13095,0.12575,0.095443,0.093612,0.13004,0.096978,0.0753,0.065587,0.065349,0.049245,0.04577,0.068946,0.082627,0.05109,0.099596
385,0.138,0.1323,0.099,0.0984,0.1352,0.1001,0.076,0.0657,0.0661,0.0489,0.0456,0.0692,0.0829,0.0507,0.1021
386,0.14481,0.13871,0.10282,0.10317,0.14089,0.10315,0.07657,0.065807,0.067111,0.049403,0.045861,0.069667,0.083424,0.05048,0.10433
387,0.15148,0.14509,0.10687,0.10798,0.14702,0.10616,0.077063,0.06593,0.068226,0.05055,0.046411,0.070308,0.08414,0.050401,0.10637
388,0.15824,0.15166,0.11115,0.113,0.15354,0.10923,0.077562,0.0661,0.069245,0.052036,0.047052,0.071065,0.084964,0.050412,0.10839
389,0.16531,0.15862,0.11567,0.11836,0.16035,0.11245,0.078147,0.066347,0.069969,0.053555,0.047581,0.071882,0.085812,0.050462,0.11055
390,0.1729,0.1662,0.1204,0.1242,0.1674,0.1159,0.0789,0.0667,0.0702,0.0548,0.0478,0.0727,0.0866,0.0505,0.113
391,0.18116,0.17453,0.12534,0.13062,0.1746,0.11963,0.079873,0.067174,0.06982,0.055536,0.047574,0.073468,0.08726,0.050488,0.11585
392,0.18991,0.18345,0.13042,0.13752,0.18183,0.12349,0.081001,0.067717,0.069039,0.055808,0.047033,0.074161,0.087793,0.050432,0.11896
393,0.19892,0.19271,0.13558,0.14473,0.18896,0.12729,0.082194,0.068263,0.068148,0.055732,0.046376,0.07476,0.088216,0.050353,0.12215
394,0.20793,0.20208,0.14073,0.15211,0.19586,0.13082,0.083358,0.068747,0.067438,0.055424,0.045799,0.075246,0.088546,0.050269,0.12523
395,0.2167,0.2113,0.1458,0.1595,0.2024,0.1339,0.0844,0.0691,0.0672,0.055,0.0455,0.0756,0.0888,0.0502,0.128
396,0.22503,0.22018,0.15074,0.16676,0.20849,0.13638,0.085243,0.069279,0.067631,0.054557,0.045623,0.075822,0.088986,0.050157,0.13032
397,0.2329,0.22867,0.15556,0.17385,0.21418,0.13838,0.085868,0.069331,0.068552,0.054119,0.046097,0.075984,0.089077,0.050121,0.13221
398,0.24032,0.23674,0.16029,0.18072,0.21957,0.14006,0.086272,0.069322,0.069686,0.053693,0.046801,0.076174,0.089034,0.050067,0.13373
399,0.24731,0.24439,0.16496,0.18735,0.22475,0.14157,0.086451,0.069323,0.07076,0.053284,0.047609,0.076483,0.088821,0.049969,0.13494
400,0.2539,0.2516,0.1696,0.1937,0.2298,0.1431,0.0864,0.0694,0.0715,0.0529,0.0484,0.077,0.0884,0.0498,0.1359
401,0.26008,0.25836,0.17424,0.19975,0.23479,0.14476,0.086134,0.069603,0.07171,0.05255,0.049062,0.077773,0.087762,0.04955,0.13666
402,0.26575,0.26465,0.17885,0.20553,0.23963,0.14652,0.085739,0.069903,0.071512,0.052263,0.049539,0.078682,0.087005,0.049269,0.13723
403,0.27079,0.27046,0.1834,0.21105,0.24421,0.1483,0.085316,0.070252,0.07111,0.052071,0.049784,0.079564,0.086258,0.049023,0.13762
404,0.27508,0.27578,0.18786,0.21637,0.24841,0.15002,0.084969,0.0706,0.070705,0.052006,0.049753,0.080257,0.085647,0.048878,0.1378
405,0.2785,0.2806,0.1922,0.2215,0.2521,0.1516,0.0848,0.0709,0.0705,0.0521,0.0494,0.0806,0.0853,0.0489,0.1378
406,0.28099,0.28491,0.19638,0.22645,0.25521,0.15299,0.084879,0.071109,0.070642,0.05237,0.048716,0.080475,0.085302,0.049127,0.13761
407,0.2827,0.28871,0.20034,0.23111,0.25781,0.1542,0.085144,0.071207,0.071059,0.052769,0.04783,0.07995,0.085573,0.049483,0.1373
408,0.28385,0.29201,0.20399,0.23533,0.25998,0.15525,0.085499,0.071181,0.071625,0.053233,0.046906,0.079137,0.085994,0.049866,0.13693
409,0.28464,0.2948,0.20727,0.23898,0.26185,0.15617,0.08585,0.071016,0.072214,0.053697,0.046108,0.07815,0.086443,0.050173,0.13657
410,0.2853,0.2971,0.2101,0.2419,0.2635,0.157,0.0861,0.0707,0.0727,0.0541,0.0456,0.0771,0.0868,0.0503,0.1363
411,0.28599,0.29893,0.21242,0.24402,0.26502,0.15776,0.086182,0.07024,0.072988,0.054392,0.045497,0.076096,0.086968,0.050181,0.13616
412,0.28669,0.30041,0.21429,0.24553,0.26645,0.15849,0.086135,0.069732,0.073109,0.054582,0.045717,0.075223,0.086942,0.049895,0.13613
413,0.28735,0.30169,0.21578,0.24666,0.26778,0.15921,0.086028,0.069295,0.073126,0.054697,0.046129,0.074562,0.086743,0.049559,0.13617
414,0.28791,0.30291,0.21696,0.24767,0.26902,0.15997,0.085927,0.069044,0.073102,0.054762,0.0466,0.074194,0.086389,0.049289,0.13624
415,0.2883,0.3042,0.2179,0.2488,0.2702,0.1608,0.0859,0.0691,0.0731,0.0548,0.047,0.0742,0.0859,0.0492,0.1363
416,0.28847,0.30568,0.21869,0.25027,0.27132,0.16171,0.085995,0.069528,0.073174,0.054826,0.047229,0.074612,0.085301,0.049373,0.13631
417,0.28837,0.30732,0.21947,0.25213,0.2724,0.16265,0.086182,0.07019,0.073342,0.054811,0.047314,0.075267,0.084639,0.049747,0.13624
418,0.28796,0.30905,0.22039,0.2544,0.27349,0.16355,0.086412,0.070899,0.073612,0.054712,0.047315,0.075958,0.083966,0.050225,0.13608
419,0.28718,0.3108,0.22162,0.25712,0.27461,0.16432,0.086634,0.071465,0.073996,0.054489,0.04729,0.076472,0.083336,0.050708,0.13581
420,0.286,0.3125,0.2233,0.2603,0.2758,0.1649,0.0868,0.0717,0.0745,0.0541,0.0473,0.0766,0.0828,0.0511,0.1354
421,0.28439,0.3141,0.22554,0.26392,0.27709,0.16526,0.086875,0.071479,0.075118,0.053543,0.047393,0.076206,0.0824,0.051325,0.13485
422,0.28246,0.31553,0.22821,0.26773,0.27848,0.16553,0.086883,0.070928,0.075771,0.052973,0.047574,0.075447,0.082128,0.051389,0.13419
423,0.28034,0.31674,0.23115,0.27148,0.27999,0.16592,0.086863,0.070237,0.076366,0.05258,0.047839,0.074556,0.081967,0.051321,0.1335
424,0.27818,0.31768,0.23417,0.27486,0.28163,0.16662,0.086856,0.069598,0.076807,0.052558,0.048183,0.073763,0.081897,0.051148,0.13281
425,0.2761,0.3183,0.2371,0.2776,0.2834,0.1678,0.0869,0.0692,0.077,0.0531,0.0486,0.0733,0.0819,0.0509,0.1322
426,0.27421,0.31858,0.23981,0.27954,0.2853,0.16959,0.087026,0.069181,0.076887,0.054309,0.049074,0.073333,0.081956,0.050604,0.13169
427,0.27246,0.31866,0.24235,0.28099,0.2873,0.17181,0.087231,0.069473,0.076561,0.055933,0.049539,0.073763,0.08204,0.050293,0.13124
428,0.2708,0.31874,0.24481,0.28239,0.28935,0.17421,0.087503,0.069954,0.076151,0.057633,0.049917,0.074427,0.082126,0.05,0.13075
429,0.26913,0.31899,0.2473,0.28418,0.2914,0.17652,0.08783,0.070504,0.075788,0.059069,0.05013,0.075161,0.082188,0.049758,0.13017
430,0.2674,0.3196,0.2499,0.2868,0.2934,0.1785,0.0882,0.071,0.0756,0.0599,0.0501,0.0758,0.0822,0.0496,0.1294
431,0.26554,0.32069,0.25271,0.29054,0.29533,0.17996,0.088601,0.071349,0.075681,0.059897,0.049784,0.07622,0.082145,0.049544,0.12841
432,0.26353,0.3221,0.25579,0.29518,0.29727,0.18098,0.089023,0.071558,0.07598,0.059272,0.049282,0.076456,0.082046,0.04955,0.12727
433,0.26135,0.32362,0.25923,0.30033,0.29932,0.18171,0.089454,0.071663,0.076408,0.058348,0.048727,0.076582,0.081934,0.049565,0.12609
434,0.25902,0.32503,0.26307,0.30563,0.3016,0.1823,0.089883,0.071699,0.076877,0.05745,0.048255,0.076672,0.081841,0.049533,0.125
435,0.2565,0.3261,0.2674,0.3107,0.3042,0.1829,0.0903,0.0717,0.0773,0.0569,0.048,0.0768,0.0818,0.0494,0.1241
436,0.25381,0.32667,0.27224,0.31526,0.30719,0.18364,0.090698,0.071699,0.077612,0.056938,0.04805,0.077016,0.081832,0.049134,0.12346
437,0.25098,0.32678,0.27753,0.31939,0.31043,0.18461,0.091089,0.071724,0.077843,0.057473,0.048314,0.077269,0.081918,0.048786,0.12297
438,0.24807,0.32652,0.28314,0.32326,0.31378,0.18587,0.091492,0.071799,0.078048,0.058328,0.048652,0.077484,0.082027,0.048432,0.12248
439,0.24513,0.326,0.28896,0.32704,0.31706,0.18751,0.091923,0.071949,0.078282,0.059329,0.048927,0.077586,0.082131,0.048145,0.12184
440,0.2422,0.3253,0.2949,0.3309,0.3201,0.1896,0.0924,0.0722,0.0786,0.0603,0.049,0.0775,0.0822,0.048,0.1209
441,0.23933,0.3245,0.30084,0.33496,0.32279,0.19216,0.092932,0.07256,0.079043,0.061112,0.048776,0.077181,0.082211,0.048044,0.11956
442,0.2365,0.32356,0.30671,0.33915,0.32525,0.19502,0.093497,0.072967,0.079604,0.061819,0.048327,0.076704,0.082172,0.048219,0.11797
443,0.2337,0.32242,0.31244,0.34338,0.32765,0.19795,0.094067,0.073345,0.080264,0.062519,0.047771,0.076178,0.082097,0.048443,0.11632
444,0.23091,0.32102,0.31796,0.34753,0.33014,0.20076,0.094611,0.073615,0.081002,0.063313,0.047224,0.075708,0.082002,0.048631,0.11483
445,0.2281,0.3193,0.3232,0.3515,0.3329,0.2032,0.0951,0.0737,0.0818,0.0643,0.0468,0.0754,0.0819,0.0487,0.1137
446,0.22526,0.31723,0.3281,0.3552,0.33605,0.20515,0.095514,0.073558,0.082638,0.065536,0.046589,0.075332,0.081798,0.048586,0.11306
447,0.22241,0.31487,0.33261,0.35864,0.33955,0.20676,0.095873,0.073289,0.083501,0.066904,0.046565,0.07546,0.081666,0.048303,0.11275
448,0.21956,0.31233,0.33671,0.36183,0.34328,0.20828,0.096204,0.073032,0.084376,0.068244,0.046678,0.075713,0.081465,0.047888,0.11257
449,0.21675,0.30971,0.34035,0.36481,0.34716,0.20994,0.096537,0.072923,0.085247,0.069396,0.046873,0.076017,0.081156,0.047376,0.1123
450,0.214,0.3071,0.3435,0.3676,0.3511,0.212,0.0969,0.0731,0.0861,0.0702,0.0471,0.0763,0.0807,0.0468,0.1117
451,0.21132,0.30459,0.34615,0.37024,0.35502,0.21463,0.097323,0.073657,0.08693,0.070561,0.047319,0.076501,0.080089,0.046198,0.11063
452,0.20867,0.30221,0.34839,0.37285,0.35901,0.21779,0.097839,0.074515,0.087767,0.070643,0.047548,0.076604,0.079437,0.045607,0.10921
453,0.206,0.29999,0.35034,0.37557,0.36316,0.22137,0.098485,0.075556,0.088649,0.070674,0.047817,0.076607,0.078891,0.045067,0.10759
454,0.20326,0.29795,0.3521,0.37854,0.36759,0.22528,0.099293,0.076658,0.089614,0.070884,0.048157,0.076507,0.078597,0.044619,0.10596
455,0.2004,0.2961,0.3538,0.3819,0.3724,0.2294,0.1003,0.0777,0.0907,0.0715,0.0486,0.0763,0.0787,0.0443,0.1045
456,0.1974,0.29445,0.35551,0.38573,0.37767,0.23367,0.10153,0.078599,0.091936,0.072681,0.049162,0.075996,0.07929,0.044134,0.10333
457,0.19431,0.29288,0.35713,0.38989,0.38338,0.23816,0.10297,0.079413,0.093313,0.074299,0.049805,0.075658,0.080229,0.04408,0.10243
458,0.19122,0.29126,0.35855,0.39422,0.38949,0.24297,0.10459,0.080238,0.094812,0.076157,0.050477,0.075363,0.081323,0.044078,0.10172
459,0.18823,0.28945,0.35961,0.39852,0.39594,0.24818,0.10638,0.081168,0.096414,0.078057,0.051126,0.075184,0.082378,0.044071,0.10114
460,0.1854,0.2873,0.3602,0.4026,0.4027,0.2539,0.1083,0.0823,0.0981,0.0798,0.0517,0.0752,0.0832,0.044,0.1006
461,0.1828,0.28473,0.36022,0.40633,0.40969,0.26017,0.11034,0.083707,0.099848,0.081243,0.052149,0.075464,0.083641,0.043823,0.10005
462,0.18038,0.28186,0.35978,0.40975,0.41677,0.26683,0.11253,0.085381,0.10162,0.082459,0.052432,0.075947,0.083739,0.043564,0.099448
463,0.17805,0.27882,0.35902,0.41293,0.42375,0.27365,0.1149,0.08729,0.10338,0.083572,0.052511,0.076598,0.083576,0.043263,0.09876
464,0.17571,0.27578,0.35808,0.41595,0.43045,0.28042,0.11748,0.089407,0.10509,0.084711,0.052346,0.077366,0.083235,0.042962,0.097955
465,0.1733,0.2729,0.3571,0.4189,0.4367,0.2869,0.1203,0.0917,0.1067,0.086,0.0519,0.0782,0.0828,0.0427,0.097
466,0.17075,0.27027,0.35619,0.42182,0.44238,0.29296,0.12339,0.094151,0.1082,0.087541,0.051164,0.079044,0.082345,0.042508,0.095879
467,0.16809,0.26778,0.35526,0.42465,0.44762,0.29876,0.12675,0.096788,0.10969,0.08933,0.050251,0.079814,0.081908,0.042373,0.094638
468,0.1654,0.26527,0.35419,0.42731,0.4526,0.30454,0.13036,0.099649,0.11127,0.091338,0.049307,0.080423,0.081519,0.042275,0.093337
469,0.16275,0.26257,0.35284,0.42969,0.4575,0.31054,0.13421,0.10277,0.11307,0.093538,0.048475,0.080781,0.081207,0.042191,0.092037
470,0.1602,0.2595,0.3511,0.4317,0.4625,0.317,0.1383,0.1062,0.1152,0.0959,0.0479,0.0808,0.081,0.0421,0.0908
471,0.15781,0.25596,0.34887,0.43328,0.46774,0.3241,0.14262,0.10996,0.11773,0.098393,0.04769,0.080432,0.080923,0.041984,0.089671
472,0.15558,0.25204,0.3462,0.43447,0.47314,0.33178,0.14722,0.11407,0.12056,0.10097,0.047808,0.079792,0.080978,0.041848,0.088636
473,0.15352,0.24789,0.34319,0.43533,0.47857,0.33991,0.15217,0.11852,0.12355,0.1036,0.048181,0.079036,0.081161,0.041699,0.087666
474,0.15163,0.24366,0.33993,0.43592,0.4839,0.34836,0.15755,0.12333,0.12654,0.10622,0.048736,0.07832,0.08147,0.041547,0.08673
475,0.1499,0.2395,0.3365,0.4363,0.489,0.357,0.1634,0.1285,0.1294,0.1088,0.0494,0.0778,0.0819,0.0414,0.0858
476,0.14832,0.23552,0.33298,0.43653,0.49376,0.36571,0.16978,0.13403,0.13201,0.1113,0.050105,0.077594,0.082431,0.041265,0.08485
477,0.14679,0.23163,0.32936,0.43659,0.49813,0.3744,0.1766,0.13992,0.13441,0.11379,0.050802,0.077666,0.082974,0.04114,0.083871
478,0.1452,0.22773,0.32561,0.43647,0.50206,0.38297,0.18378,0.14618,0.13666,0.11632,0.051446,0.07794,0.083421,0.041023,0.082856
479,0.14344,0.22369,0.3217,0.43615,0.50553,0.39133,0.19121,0.1528,0.13883,0.11897,0.051994,0.078343,0.083665,0.040911,0.081801
480,0.1414,0.2194,0.3176,0.4356,0.5085,0.3994,0.1988,0.1598,0.141,0.1218,0.0524,0.0788,0.0836,0.0408,0.0807
481,0.13901,0.21477,0.31331,0.43481,0.51096,0.4071,0.20646,0.16716,0.14322,0.12488,0.052636,0.079246,0.08316,0.040686,0.079554
482,0.13639,0.20988,0.30888,0.4338,0.51301,0.41444,0.21417,0.17484,0.14553,0.12822,0.052736,0.079654,0.082452,0.04056,0.078394
483,0.13371,0.20486,0.3044,0.4326,0.51479,0.42145,0.22194,0.18279,0.14793,0.13181,0.052747,0.08001,0.081624,0.040411,0.077257
484,0.13112,0.19983,0.29994,0.43122,0.51644,0.42816,0.22975,0.19096,0.15045,0.13567,0.052719,0.080298,0.080824,0.040228,0.07618
485,0.1288,0.1949,0.2956,0.4297,0.5181,0.4346,0.2376,0.1993,0.1531,0.1398,0.0527,0.0805,0.0802,0.04,0.0752
486,0.12686,0.19017,0.29142,0.42805,0.51984,0.44077,0.24551,0.20778,0.15591,0.14418,0.052733,0.080611,0.079868,0.039728,0.074343
487,0.12519,0.18566,0.28733,0.42626,0.52153,0.44663,0.25356,0.21646,0.1589,0.14874,0.052837,0.080665,0.079817,0.039455,0.073588
488,0.12366,0.18133,0.28325,0.42432,0.52296,0.45208,0.26184,0.22541,0.16212,0.15339,0.053025,0.080702,0.080002,0.03924,0.072901
489,0.12211,0.17719,0.27907,0.4222,0.52395,0.45707,0.27045,0.23473,0.16561,0.15804,0.053308,0.080766,0.080377,0.039136,0.07225
490,0.1204,0.1732,0.2747,0.4199,0.5243,0.4615,0.2795,0.2445,0.1694,0.1626,0.0537,0.0809,0.0809,0.0392,0.0716
491,0.11842,0.16936,0.27008,0.4174,0.52388,0.46532,0.28902,0.25475,0.17351,0.16704,0.054213,0.081143,0.081522,0.039461,0.070932
492,0.11628,0.1657,0.26527,0.41471,0.52283,0.46854,0.29882,0.26534,0.17789,0.17155,0.054859,0.081526,0.082185,0.039839,0.070275
493,0.11413,0.16223,0.26035,0.41186,0.52135,0.47116,0.30867,0.2761,0.18246,0.17635,0.055648,0.082078,0.082827,0.040226,0.069672
494,0.11212,0.15899,0.25543,0.40889,0.51964,0.47321,0.31831,0.28685,0.18715,0.18169,0.056591,0.082827,0.083386,0.040515,0.069166
495,0.1104,0.156,0.2506,0.4058,0.5179,0.4747,0.3275,0.2974,0.1919,0.1878,0.0577,0.0838,0.0838,0.0406,0.0688
496,0.10908,0.15327,0.24592,0.40262,0.51628,0.47565,0.33607,0.30762,0.19665,0.19486,0.058974,0.08502,0.084028,0.04041,0.068594
497,0.1081,0.15074,0.24136,0.39931,0.51467,0.47613,0.34413,0.31753,0.20151,0.20277,0.060368,0.086482,0.084116,0.040021,0.068481
498,0.10735,0.14834,0.23688,0.39583,0.51293,0.4762,0.35187,0.32722,0.20657,0.2114,0.061825,0.088174,0.08413,0.039547,0.068371
499,0.10671,0.14599,0.23241,0.39214,0.51089,0.47593,0.35946,0.33675,0.21196,0.22059,0.063288,0.090084,0.084136,0.039102,0.068174
500,0.1061,0.1436,0.2279,0.3882,0.5084,0.4754,0.3671,0.3462,0.2178,0.2302,0.0647,0.0922,0.0842,0.0388,0.0678
501,0.10541,0.14112,0.22332,0.38398,0.50535,0.47465,0.37489,0.3556,0.22419,0.2401,0.066042,0.094508,0.08438,0.038723,0.06719
502,0.10464,0.13856,0.21872,0.37956,0.50186,0.47367,0.38264,0.3648,0.23117,0.25029,0.067445,0.096982,0.084692,0.038834,0.066404
503,0.10377,0.13592,0.21417,0.37503,0.49809,0.47244,0.39009,0.37363,0.23878,0.26081,0.069077,0.099592,0.085144,0.039063,0.065534
504,0.10283,0.13323,0.20974,0.37048,0.49422,0.47092,0.39696,0.38189,0.24705,0.27167,0.071106,0.10231,0.085744,0.039341,0.064669
505,0.1018,0.1305,0.2055,0.366,0.4904,0.4691,0.403,0.3894,0.256,0.2829,0.0737,0.1051,0.0865,0.0396,0.0639
506,0.10071,0.12776,0.20148,0.36165,0.48676,0.46695,0.408,0.39604,0.26566,0.29453,0.077006,0.10797,0.087404,0.039782,0.063293
507,0.099596,0.12503,0.19756,0.35735,0.4832,0.46449,0.41206,0.40199,0.27601,0.30659,0.081083,0.11104,0.088388,0.03988,0.062811
508,0.098534,0.12237,0.19357,0.35294,0.47959,0.46176,0.41533,0.40747,0.28704,0.31909,0.085966,0.11447,0.089371,0.039896,0.062393
509,0.097581,0.11981,0.18934,0.3483,0.47581,0.45879,0.41795,0.41273,0.29871,0.33205,0.091693,0.1184,0.090269,0.039835,0.061976
510,0.0968,0.1174,0.1847,0.3433,0.4717,0.4556,0.4201,0.418,0.311,0.3455,0.0983,0.123,0.091,0.0397,0.0615
511,0.096225,0.11516,0.17957,0.33786,0.46718,0.45223,0.42189,0.42344,0.32388,0.35942,0.10577,0.12834,0.091503,0.039504,0.060922
512,0.095776,0.11308,0.17416,0.3321,0.46231,0.44868,0.42335,0.42892,0.33723,0.3737,0.1139,0.13421,0.091806,0.039291,0.060283
513,0.095345,0.11113,0.16876,0.32622,0.4572,0.44498,0.42448,0.4342,0.35093,0.38818,0.12242,0.14032,0.091957,0.039117,0.059643
514,0.094822,0.10928,0.16368,0.32039,0.45196,0.44111,0.42526,0.43906,0.36486,0.40269,0.13108,0.14638,0.092006,0.039035,0.059062
515,0.0941,0.1075,0.1592,0.3148,0.4467,0.4371,0.4257,0.4433,0.3789,0.4171,0.1396,0.1521,0.092,0.0391,0.0586
516,0.093105,0.10577,0.15552,0.30957,0.4415,0.43295,0.42578,0.44674,0.39296,0.43128,0.14781,0.15726,0.09198,0.039341,0.058293
517,0.091904,0.10407,0.15244,0.30457,0.43634,0.42869,0.42547,0.44947,0.40712,0.44529,0.15583,0.16185,0.091948,0.039692,0.058078
518,0.090601,0.1024,0.14967,0.29961,0.43119,0.42432,0.42473,0.45163,0.42152,0.4592,0.16389,0.16593,0.091895,0.040062,0.057866
519,0.089299,0.10075,0.14688,0.29448,0.42599,0.41989,0.42352,0.45336,0.43627,0.47311,0.17217,0.16956,0.091815,0.040362,0.057569
520,0.0881,0.0991,0.1438,0.289,0.4207,0.4154,0.4218,0.4548,0.4515,0.4871,0.1809,0.1728,0.0917,0.0405,0.0571
521,0.087084,0.097465,0.1402,0.28304,0.4153,0.41089,0.41957,0.45607,0.46725,0.50119,0.1902,0.1757,0.091553,0.040417,0.056399
522,0.086229,0.095908,0.13623,0.27675,0.4098,0.4064,0.41698,0.45724,0.48323,0.51514,0.19985,0.17827,0.091422,0.040174,0.055522
523,0.085494,0.094509,0.13212,0.27038,0.40425,0.402,0.41423,0.45833,0.49902,0.52862,0.20956,0.18054,0.091364,0.039862,0.054556
524,0.084832,0.093346,0.1281,0.26415,0.39867,0.39775,0.41151,0.45941,0.51424,0.54131,0.21905,0.18251,0.091438,0.039574,0.053587
525,0.0842,0.0925,0.1244,0.2583,0.3931,0.3937,0.409,0.4605,0.5285,0.5529,0.228,0.1842,0.0917,0.0394,0.0527
526,0.083561,0.092017,0.12119,0.25299,0.38757,0.38988,0.40684,0.46163,0.54151,0.56317,0.23621,0.18563,0.092188,0.039405,0.051972
527,0.082904,0.091808,0.11836,0.24809,0.38205,0.38614,0.40485,0.46271,0.55338,0.57229,0.24378,0.18684,0.092853,0.039548,0.05144
528,0.082227,0.091751,0.11575,0.24342,0.37652,0.38232,0.40282,0.46365,0.56436,0.58054,0.2509,0.18788,0.093623,0.039757,0.051132
529,0.081526,0.091722,0.11318,0.23879,0.37095,0.37823,0.40051,0.46435,0.57466,0.58818,0.25774,0.18882,0.094429,0.039964,0.051076
530,0.0808,0.0916,0.1105,0.234,0.3653,0.3737,0.3977,0.4647,0.5845,0.5955,0.2645,0.1897,0.0952,0.0401,0.0513
531,0.080054,0.091296,0.10758,0.22892,0.35956,0.36861,0.39422,0.46464,0.59405,0.60271,0.2713,0.19057,0.095883,0.040113,0.051801
532,0.079336,0.09086,0.10452,0.22362,0.35375,0.36309,0.3902,0.46427,0.60318,0.60981,0.27803,0.19147,0.096497,0.040027,0.05245
533,0.0787,0.090376,0.10146,0.21821,0.34791,0.35734,0.38584,0.46371,0.61169,0.61675,0.28455,0.19242,0.09708,0.039885,0.053089
534,0.078203,0.089928,0.098536,0.21283,0.34208,0.35155,0.38134,0.46311,0.6194,0.62346,0.29069,0.19346,0.097669,0.039729,0.053559
535,0.0779,0.0896,0.0959,0.2076,0.3363,0.3459,0.3769,0.4626,0.6261,0.6299,0.2963,0.1946,0.0983,0.0396,0.0537
536,0.077824,0.089452,0.093653,0.2026,0.3306,0.34054,0.37266,0.46226,0.63167,0.636,0.30129,0.19589,0.099013,0.039532,0.053412
537,0.077906,0.089447,0.091741,0.19781,0.32497,0.33542,0.36855,0.46201,0.63623,0.64167,0.30588,0.19738,0.099853,0.039515,0.052828
538,0.078058,0.089527,0.090073,0.19314,0.31939,0.33041,0.36447,0.46171,0.63998,0.64682,0.31037,0.19914,0.10087,0.039533,0.052137
539,0.078186,0.089631,0.088557,0.18852,0.31384,0.32541,0.36029,0.46122,0.64311,0.65137,0.31505,0.20122,0.1021,0.039568,0.051531
540,0.0782,0.0897,0.0871,0.1839,0.3083,0.3203,0.3559,0.4604,0.6458,0.6552,0.3202,0.2037,0.1036,0.0396,0.0512
541,0.07804,0.089689,0.085623,0.17922,0.30276,0.31501,0.35121,0.45916,0.64821,0.65828,0.32606,0.20664,0.1054,0.039616,0.051275
542,0.077773,0.089613,0.084094,0.17454,0.29723,0.30963,0.3463,0.45759,0.65035,0.66074,0.33255,0.21012,0.10748,0.039612,0.051655
543,0.077496,0.089503,0.082493,0.16994,0.29172,0.30426,0.34126,0.45582,0.65216,0.66274,0.33955,0.21425,0.1098,0.039591,0.052176
544,0.077305,0.089388,0.080802,0.1655,0.28624,0.29905,0.33619,0.45398,0.65363,0.66447,0.34691,0.21911,0.11231,0.039554,0.052679
545,0.0773,0.0893,0.079,0.1613,0.2808,0.2941,0.3312,0.4522,0.6547,0.6661,0.3545,0.2248,0.115,0.0395,0.053
546,0.077544,0.089259,0.07709,0.1574,0.27541,0.28949,0.32636,0.45058,0.65536,0.66777,0.36222,0.2314,0.11784,0.039439,0.053022
547,0.077968,0.089246,0.075158,0.15375,0.27005,0.2851,0.32161,0.44908,0.65562,0.66952,0.37008,0.23896,0.12094,0.039405,0.052803
548,0.07847,0.089234,0.07331,0.15025,0.26468,0.28075,0.31689,0.4476,0.65554,0.67134,0.37813,0.24747,0.12443,0.039443,0.052442
549,0.078948,0.089195,0.071655,0.14683,0.25927,0.27627,0.31211,0.44607,0.65515,0.67323,0.38642,0.25698,0.12844,0.039593,0.052041
550,0.0793,0.0891,0.0703,0.1434,0.2538,0.2715,0.3072,0.4444,0.6545,0.6752,0.395,0.2675,0.1331,0.0399,0.0517
551,0.079451,0.088922,0.069299,0.13989,0.24824,0.26631,0.3021,0.44251,0.65361,0.67722,0.40385,0.27899,0.13849,0.040379,0.051493
552,0.079436,0.088631,0.068496,0.13626,0.24263,0.26082,0.29683,0.44037,0.65247,0.67917,0.41266,0.29118,0.1445,0.040943,0.051388
553,0.079314,0.0882,0.067685,0.13247,0.23702,0.2552,0.29141,0.43794,0.65105,0.68092,0.42109,0.30374,0.15096,0.041477,0.051327
554,0.079149,0.087599,0.066655,0.1285,0.23146,0.2496,0.28589,0.4352,0.64934,0.68231,0.42875,0.31632,0.15772,0.041867,0.05125
555,0.079,0.0868,0.0652,0.1243,0.226,0.2442,0.2803,0.4321,0.6473,0.6832,0.4353,0.3286,0.1646,0.042,0.0511
556,0.078919,0.085799,0.063201,0.11989,0.2207,0.23912,0.27468,0.42866,0.64494,0.68353,0.44051,0.34037,0.17154,0.041811,0.050845
557,0.078911,0.084695,0.0609,0.11546,0.21562,0.23431,0.26909,0.42503,0.64239,0.68356,0.4448,0.35192,0.17885,0.041433,0.050567
558,0.078975,0.083611,0.058628,0.11124,0.21083,0.22966,0.2636,0.4214,0.6398,0.68361,0.44872,0.36368,0.18693,0.04105,0.050377
559,0.079106,0.082671,0.056718,0.10748,0.2064,0.22509,0.25828,0.41796,0.63732,0.68401,0.45284,0.37606,0.19618,0.040845,0.050385
560,0.0793,0.082,0.0555,0.1044,0.2024,0.2205,0.2532,0.4149,0.6351,0.6851,0.4577,0.3895,0.207,0.041,0.0507
561,0.07955,0.081688,0.055199,0.10217,0.19886,0.21582,0.24841,0.41235,0.63324,0.68708,0.46369,0.40424,0.21961,0.041642,0.051386
562,0.079832,0.081695,0.055605,0.10062,0.19567,0.21112,0.24388,0.41017,0.63156,0.68963,0.47048,0.41982,0.23348,0.042665,0.052319
563,0.08012,0.081948,0.056402,0.099532,0.19265,0.2065,0.23955,0.40816,0.62981,0.69233,0.47754,0.43563,0.24788,0.043907,0.05333
564,0.080385,0.082374,0.057273,0.098669,0.18965,0.20206,0.23537,0.40614,0.62778,0.69473,0.48435,0.45103,0.2621,0.045206,0.054247
565,0.0806,0.0829,0.0579,0.0978,0.1865,0.1979,0.2313,0.4039,0.6252,0.6964,0.4904,0.4654,0.2754,0.0464,0.0549
566,0.080743,0.08346,0.058046,0.096738,0.1831,0.19408,0.22728,0.40129,0.62193,0.69704,0.4953,0.47826,0.28727,0.047365,0.055181
567,0.080806,0.084019,0.057791,0.095482,0.17956,0.19051,0.22326,0.39833,0.61815,0.69695,0.49919,0.48975,0.29798,0.048136,0.055224
568,0.080788,0.084547,0.057292,0.094077,0.17604,0.18706,0.21922,0.39507,0.61413,0.69655,0.50234,0.50015,0.30801,0.048783,0.055227
569,0.080687,0.085017,0.056709,0.092568,0.1727,0.1836,0.21511,0.39157,0.61012,0.69629,0.50502,0.50974,0.31782,0.049381,0.055387
570,0.0805,0.0854,0.0562,0.091,0.1697,0.18,0.2109,0.3879,0.6064,0.6966,0.5075,0.5188,0.3279,0.05,0.0559
571,0.080234,0.085684,0.055879,0.089413,0.16715,0.17617,0.20657,0.38412,0.60316,0.69779,0.50999,0.52756,0.33857,0.050702,0.0569
572,0.07993,0.085924,0.055685,0.087826,0.16497,0.17222,0.20219,0.38029,0.6003,0.69967,0.51249,0.53603,0.34965,0.051501,0.058265
573,0.07964,0.086192,0.055511,0.086252,0.163,0.16828,0.19786,0.37651,0.59766,0.70193,0.51492,0.54416,0.36078,0.052399,0.05981
574,0.079413,0.08656,0.055251,0.084706,0.16113,0.16449,0.19366,0.37286,0.59508,0.70424,0.51721,0.5519,0.37165,0.053398,0.06135
575,0.0793,0.0871,0.0548,0.0832,0.1592,0.161,0.1897,0.3694,0.5924,0.7063,0.5193,0.5592,0.3819,0.0545,0.0627
576,0.079336,0.087862,0.054097,0.081752,0.15711,0.15789,0.18603,0.36618,0.58948,0.70785,0.52114,0.56604,0.39131,0.05571,0.063736
577,0.079496,0.088811,0.053265,0.080388,0.1549,0.15505,0.18257,0.36307,0.58632,0.70893,0.52279,0.57251,0.40005,0.057045,0.064581
578,0.079737,0.089888,0.052475,0.079138,0.15263,0.15229,0.17921,0.35988,0.58294,0.70965,0.52431,0.57873,0.4084,0.058525,0.065418
579,0.080019,0.091037,0.051897,0.078032,0.15038,0.14943,0.17582,0.35645,0.57936,0.7101,0.52579,0.58482,0.41662,0.06017,0.06643
580,0.0803,0.0922,0.0517,0.0771,0.1482,0.1463,0.1723,0.3526,0.5756,0.7104,0.5273,0.5909,0.425,0.062,0.0678
581,0.080549,0.093333,0.05199,0.07636,0.14616,0.14278,0.16856,0.34821,0.57169,0.71063,0.5289,0.59703,0.43372,0.064032,0.069669
582,0.080774,0.09444,0.052618,0.075787,0.14425,0.13903,0.16465,0.34343,0.56765,0.71083,0.53059,0.60308,0.44268,0.066268,0.072001
583,0.080995,0.095542,0.053371,0.075343,0.14248,0.13524,0.16066,0.33847,0.56349,0.71103,0.53233,0.60886,0.45167,0.068709,0.07472
584,0.08123,0.096656,0.054036,0.074993,0.14083,0.13162,0.15668,0.33352,0.55923,0.71124,0.53411,0.6142,0.46051,0.071353,0.077745
585,0.0815,0.0978,0.0544,0.0747,0.1393,0.1284,0.1528,0.3288,0.5549,0.7115,0.5359,0.6189,0.469,0.0742,0.081
586,0.081824,0.098986,0.054311,0.074425,0.13787,0.12571,0.14909,0.32445,0.55048,0.71183,0.53767,0.62285,0.477,0.077268,0.084425
587,0.082228,0.1002,0.053862,0.074124,0.13646,0.12343,0.14553,0.32036,0.54591,0.71226,0.53935,0.62617,0.48462,0.080645,0.08804
588,0.082741,0.1014,0.053207,0.073751,0.13501,0.12137,0.1421,0.31636,0.54109,0.71283,0.54087,0.62905,0.492,0.084438,0.091881
589,0.083389,0.10258,0.052502,0.073258,0.13341,0.11936,0.13877,0.3123,0.53592,0.71356,0.54214,0.6317,0.49931,0.088754,0.095989
590,0.0842,0.1037,0.0519,0.0726,0.1316,0.1172,0.1355,0.308,0.5303,0.7145,0.5431,0.6343,0.5067,0.0937,0.1004
591,0.085198,0.10474,0.051525,0.071754,0.12953,0.11477,0.13227,0.30334,0.52421,0.71564,0.5437,0.63701,0.51428,0.099353,0.10514
592,0.086393,0.1057,0.051378,0.070794,0.12733,0.11214,0.12907,0.2984,0.51787,0.71687,0.54403,0.63982,0.52197,0.10567,0.11019
593,0.087788,0.10655,0.051428,0.069817,0.12518,0.10946,0.1259,0.29327,0.51156,0.71802,0.54426,0.6427,0.52962,0.11258,0.1155
594,0.089388,0.10728,0.051646,0.06892,0.12325,0.10687,0.12274,0.28807,0.50557,0.71895,0.5445,0.64561,0.53711,0.12002,0.12105
595,0.0912,0.1079,0.052,0.0682,0.1217,0.1045,0.1196,0.2829,0.5002,0.7195,0.5449,0.6485,0.5443,0.1279,0.1268
596,0.093227,0.10839,0.052456,0.067726,0.12066,0.10246,0.11647,0.27786,0.49562,0.71957,0.54556,0.65134,0.55106,0.1362,0.13273
597,0.09547,0.10875,0.052956,0.067453,0.11998,0.10071,0.1134,0.27297,0.49159,0.7193,0.54643,0.65405,0.55731,0.14503,0.13889
598,0.097929,0.109,0.053439,0.067307,0.11947,0.099166,0.11043,0.26821,0.48776,0.71887,0.5474,0.65656,0.56295,0.15454,0.14535
599,0.10061,0.10915,0.053841,0.067214,0.11894,0.097755,0.10762,0.26359,0.48378,0.71847,0.54839,0.6588,0.56791,0.16488,0.1522
600,0.1035,0.1092,0.0541,0.0671,0.1182,0.0964,0.105,0.2591,0.4793,0.7183,0.5493,0.6607,0.5721,0.1762,0.1595
601,0.10661,0.10917,0.054175,0.06691,0.1171,0.095043,0.10262,0.25474,0.47409,0.71848,0.55006,0.6622,0.5755,0.18859,0.16729
602,0.10994,0.10909,0.054109,0.066666,0.11571,0.093709,0.10045,0.25051,0.46838,0.71895,0.5507,0.66333,0.57838,0.20188,0.17549
603,0.11348,0.10898,0.053965,0.066406,0.11418,0.092444,0.098467,0.24644,0.46252,0.71958,0.5513,0.66411,0.58106,0.21585,0.18396
604,0.11724,0.10887,0.053808,0.066171,0.11263,0.091292,0.096628,0.24253,0.45684,0.72024,0.55191,0.66459,0.58385,0.23027,0.19257
605,0.1212,0.1088,0.0537,0.066,0.1112,0.0903,0.0949,0.2388,0.4517,0.7208,0.5526,0.6648,0.5871,0.2449,0.2012
606,0.12538,0.10877,0.053693,0.065922,0.10999,0.089496,0.093251,0.23526,0.44734,0.72118,0.55341,0.6648,0.59101,0.25958,0.20976
607,0.12984,0.10873,0.053784,0.06592,0.10899,0.088846,0.091648,0.2319,0.44362,0.72145,0.55426,0.66472,0.59534,0.2744,0.21833
608,0.13464,0.1086,0.053959,0.065967,0.1082,0.088297,0.090059,0.22871,0.44031,0.72174,0.55506,0.66469,0.59973,0.2895,0.22702
609,0.13983,0.10831,0.054202,0.066036,0.10757,0.087799,0.088454,0.22568,0.43719,0.72215,0.55571,0.66487,0.60384,0.30501,0.23594
610,0.1455,0.1078,0.0545,0.0661,0.1071,0.0873,0.0868,0.2228,0.434,0.7228,0.5561,0.6654,0.6073,0.3211,0.2452
611,0.15166,0.10701,0.054834,0.066136,0.10675,0.086761,0.08509,0.22006,0.43059,0.72376,0.55617,0.66637,0.60986,0.33782,0.25488
612,0.1582,0.106,0.055179,0.066141,0.10649,0.086196,0.083413,0.21747,0.42703,0.72489,0.556,0.66768,0.61162,0.35491,0.26487
613,0.16496,0.10488,0.055507,0.066118,0.10628,0.08563,0.08188,0.21507,0.42347,0.726,0.55571,0.66917,0.61278,0.37203,0.27504
614,0.17178,0.10371,0.05579,0.06607,0.1061,0.085089,0.080605,0.21287,0.42004,0.7269,0.5554,0.6707,0.61354,0.38884,0.28523
615,0.1785,0.1026,0.056,0.066,0.1059,0.0846,0.0797,0.2109,0.4169,0.7274,0.5552,0.6721,0.6141,0.405,0.2953
616,0.18502,0.10162,0.056117,0.065909,0.10566,0.08418,0.079226,0.20917,0.41415,0.72737,0.55519,0.67325,0.61462,0.42025,0.30515
617,0.19139,0.10078,0.056154,0.065795,0.10538,0.083819,0.079042,0.20762,0.41175,0.72693,0.5554,0.67408,0.61515,0.43467,0.31483
618,0.19772,0.10008,0.056132,0.065658,0.10508,0.083498,0.078955,0.20617,0.40964,0.72628,0.55582,0.67458,0.61572,0.44841,0.32445
619,0.20412,0.099519,0.056074,0.065493,0.10474,0.083198,0.078772,0.20476,0.40774,0.72561,0.55646,0.6747,0.61633,0.46163,0.33411
620,0.2107,0.0991,0.056,0.0653,0.1044,0.0829,0.0783,0.2033,0.406,0.7251,0.5573,0.6744,0.617,0.4745,0.3439
621,0.21753,0.098824,0.055932,0.06508,0.10404,0.082591,0.077413,0.20176,0.40435,0.72491,0.55833,0.67371,0.61775,0.48712,0.35388
622,0.22456,0.098707,0.055889,0.064855,0.10366,0.082276,0.076253,0.20019,0.4028,0.72507,0.55944,0.67287,0.61859,0.49944,0.36393
623,0.23171,0.098767,0.05589,0.06465,0.10322,0.081966,0.075025,0.1987,0.40136,0.72554,0.56051,0.67216,0.6195,0.51135,0.37388
624,0.23888,0.099025,0.055954,0.06449,0.10271,0.08167,0.073939,0.19737,0.40006,0.72633,0.56141,0.67187,0.62051,0.52274,0.38356
625,0.246,0.0995,0.0561,0.0644,0.1021,0.0814,0.0732,0.1963,0.3989,0.7274,0.562,0.6723,0.6216,0.5335,0.3928
626,0.25299,0.1002,0.05634,0.064402,0.10139,0.081163,0.072951,0.19554,0.39789,0.72873,0.5622,0.67361,0.62277,0.54356,0.40149
627,0.25981,0.10108,0.056655,0.064496,0.10064,0.080957,0.073066,0.19501,0.397,0.73019,0.56208,0.67554,0.62397,0.55294,0.40975
628,0.26645,0.10209,0.05702,0.064679,0.099948,0.080781,0.073357,0.19459,0.39617,0.73167,0.56172,0.67769,0.62515,0.56171,0.41774
629,0.27289,0.10318,0.05741,0.064948,0.099406,0.080629,0.073632,0.19416,0.39536,0.73301,0.56123,0.67967,0.62624,0.56991,0.42563
630,0.2791,0.1043,0.0578,0.0653,0.0991,0.0805,0.0737,0.1936,0.3945,0.7341,0.5607,0.6811,0.6272,0.5776,0.4336
631,0.28508,0.1054,0.058161,0.06572,0.099087,0.080391,0.073425,0.19282,0.39356,0.73483,0.56022,0.68168,0.62796,0.58483,0.44175
632,0.29086,0.1065,0.05846,0.066155,0.099286,0.080309,0.07288,0.19186,0.39252,0.73527,0.55986,0.68155,0.62852,0.59161,0.44992
633,0.29648,0.10764,0.058657,0.066539,0.099582,0.080261,0.072193,0.1908,0.39137,0.73551,0.55965,0.68094,0.62883,0.59796,0.45789
634,0.30198,0.10883,0.058716,0.066809,0.099858,0.080255,0.07149,0.18972,0.3901,0.73566,0.55965,0.68008,0.6289,0.60389,0.46542
635,0.3074,0.1101,0.0586,0.0669,0.1,0.0803,0.0709,0.1887,0.3887,0.7358,0.5599,0.6792,0.6287,0.6094,0.4723
636,0.31277,0.11149,0.058297,0.066776,0.099919,0.080391,0.070518,0.18779,0.38716,0.73601,0.56043,0.6785,0.62825,0.61451,0.47838
637,0.31807,0.11302,0.057898,0.066516,0.099634,0.080479,0.070322,0.18698,0.38553,0.73624,0.56114,0.67799,0.62771,0.61927,0.48387
638,0.32323,0.11471,0.057521,0.066228,0.099189,0.080501,0.070256,0.18621,0.38384,0.7364,0.56192,0.67765,0.62729,0.62374,0.48904
639,0.32823,0.1166,0.057282,0.06602,0.098629,0.080395,0.070267,0.18547,0.38215,0.73642,0.56265,0.67746,0.62719,0.62796,0.49419
640,0.333,0.1187,0.0573,0.066,0.098,0.0801,0.0703,0.1847,0.3805,0.7362,0.5632,0.6774,0.6276,0.632,0.4996
641,0.33753,0.12103,0.05765,0.066238,0.097354,0.079585,0.070307,0.18388,0.37894,0.73572,0.5635,0.67745,0.62865,0.63589,0.50546
642,0.34185,0.12352,0.058244,0.066649,0.096771,0.078949,0.070261,0.18302,0.37749,0.73517,0.56364,0.67765,0.63018,0.63962,0.51154
643,0.34603,0.12608,0.058953,0.067111,0.096342,0.078319,0.070142,0.18213,0.37618,0.73478,0.56374,0.67805,0.63193,0.64316,0.51752
644,0.35012,0.12864,0.059648,0.067502,0.096156,0.077827,0.069929,0.18126,0.37504,0.73477,0.56395,0.67868,0.63365,0.64646,0.52308
645,0.3542,0.1311,0.0602,0.0677,0.0963,0.0776,0.0696,0.1804,0.3741,0.7354,0.5644,0.6796,0.6351,0.6495,0.5279
646,0.3583,0.13342,0.060513,0.067624,0.096821,0.077727,0.06915,0.17959,0.37335,0.73679,0.56516,0.68081,0.63608,0.65226,0.53176
647,0.36241,0.13566,0.060621,0.067364,0.097592,0.078124,0.068629,0.17881,0.3727,0.73871,0.56609,0.68219,0.63662,0.65481,0.53487
648,0.3665,0.13794,0.060593,0.067052,0.098442,0.078669,0.068103,0.17806,0.37201,0.74081,0.56701,0.68356,0.63677,0.65723,0.53754
649,0.37054,0.14035,0.060497,0.06682,0.099202,0.079235,0.067639,0.17732,0.37115,0.74275,0.56771,0.68475,0.63661,0.6596,0.54008
650,0.3745,0.143,0.0604,0.0668,0.0997,0.0797,0.0673,0.1766,0.37,0.7442,0.568,0.6856,0.6362,0.662,0.5428
651,0.37835,0.14595,0.060357,0.067083,0.099823,0.07997,0.067136,0.17588,0.36848,0.74491,0.56776,0.68599,0.63563,0.6645,0.54594
652,0.38206,0.1491,0.060369,0.067592,0.099685,0.080079,0.06713,0.17518,0.36679,0.745,0.56719,0.68601,0.63505,0.66704,0.54941
653,0.38559,0.1523,0.060422,0.06821,0.099455,0.080094,0.067245,0.17452,0.36514,0.7447,0.56653,0.6858,0.63461,0.66957,0.55304
654,0.38892,0.15542,0.060504,0.068818,0.099303,0.080079,0.067447,0.17392,0.3638,0.74423,0.56605,0.68552,0.63447,0.67201,0.55666
655,0.392,0.1583,0.0606,0.0693,0.0994,0.0801,0.0677,0.1734,0.363,0.7438,0.566,0.6853,0.6348,0.6743,0.5601
656,0.39483,0.16086,0.060697,0.069562,0.099856,0.080207,0.067967,0.17297,0.36289,0.74359,0.56657,0.68526,0.6357,0.67638,0.56324
657,0.39748,0.16319,0.06077,0.069617,0.10055,0.080383,0.068201,0.17264,0.36325,0.74358,0.56759,0.68539,0.63704,0.67829,0.56609
658,0.40003,0.16546,0.060795,0.0695,0.10129,0.080595,0.068352,0.17239,0.36376,0.74369,0.56881,0.68565,0.63862,0.68005,0.56873
659,0.40257,0.16781,0.060747,0.069249,0.1019,0.080812,0.068368,0.17221,0.36411,0.74386,0.57,0.686,0.64027,0.6817,0.57121
660,0.4052,0.1704,0.0606,0.0689,0.1022,0.081,0.0682,0.1721,0.364,0.744,0.5709,0.6864,0.6418,0.6833,0.5736
661,0.40796,0.17332,0.060345,0.068495,0.10206,0.081139,0.067827,0.17204,0.36321,0.74406,0.57132,0.68681,0.64304,0.68486,0.57594
662,0.41079,0.17642,0.060037,0.068096,0.10163,0.081257,0.067345,0.17202,0.36198,0.74404,0.57129,0.68719,0.64391,0.68632,0.57818
663,0.41358,0.17948,0.059747,0.06777,0.10109,0.081396,0.06688,0.17202,0.36064,0.74395,0.57088,0.68752,0.64436,0.68763,0.58026
664,0.41622,0.18228,0.059544,0.067582,0.10065,0.081597,0.066557,0.17202,0.35953,0.7438,0.57015,0.68777,0.64434,0.68871,0.58212
665,0.4186,0.1846,0.0595,0.0676,0.1005,0.0819,0.0665,0.172,0.359,0.7436,0.5692,0.6879,0.6438,0.6895,0.5837
666,0.42066,0.1863,0.059659,0.067861,0.10079,0.08234,0.066792,0.17195,0.35928,0.74338,0.56811,0.6879,0.64274,0.68997,0.58496
667,0.4225,0.18753,0.059963,0.068282,0.10144,0.082927,0.067337,0.17191,0.36024,0.74323,0.56703,0.68781,0.64135,0.69028,0.58599
668,0.42426,0.18851,0.060327,0.068753,0.10234,0.083664,0.067996,0.17194,0.36163,0.74324,0.56615,0.68767,0.6399,0.69065,0.58692
669,0.42608,0.18946,0.060668,0.069163,0.10337,0.084554,0.06863,0.17209,0.36323,0.74353,0.56565,0.68751,0.63863,0.69129,0.58789
670,0.4281,0.1906,0.0609,0.0694,0.1044,0.0856,0.0691,0.1724,0.3648,0.7442,0.5657,0.6874,0.6378,0.6924,0.589
671,0.43041,0.19209,0.060964,0.069389,0.10533,0.08679,0.06931,0.17291,0.36614,0.74528,0.56641,0.68736,0.6376,0.69413,0.59035
672,0.43289,0.1938,0.060896,0.069205,0.10611,0.088048,0.069335,0.17357,0.36726,0.74657,0.5676,0.68735,0.63795,0.69629,0.59185
673,0.43535,0.19554,0.060756,0.068955,0.10672,0.08928,0.069296,0.17431,0.36818,0.74779,0.56903,0.68733,0.63873,0.69866,0.59336
674,0.43761,0.1971,0.060604,0.06875,0.10712,0.090395,0.069311,0.17504,0.36895,0.74866,0.57045,0.68727,0.63979,0.70098,0.59475
675,0.4395,0.1983,0.0605,0.0687,0.1073,0.0913,0.0695,0.1757,0.3696,0.7489,0.5716,0.6871,0.641,0.703,0.5959
676,0.44089,0.19898,0.060484,0.068876,0.10724,0.091931,0.069942,0.17624,0.37018,0.74834,0.57231,0.68681,0.64224,0.70455,0.59671
677,0.44188,0.1992,0.060511,0.069195,0.10705,0.092338,0.070561,0.17669,0.37076,0.74721,0.57265,0.68648,0.64342,0.70566,0.59724
678,0.44262,0.19906,0.060516,0.069536,0.10685,0.0926,0.071238,0.17711,0.37144,0.74581,0.57277,0.68622,0.64448,0.70645,0.59761
679,0.44328,0.19866,0.060434,0.069778,0.10676,0.092794,0.071856,0.17756,0.37229,0.74447,0.57281,0.68612,0.64537,0.70703,0.59793
680,0.444,0.1981,0.0602,0.0698,0.1069,0.093,0.0723,0.1781,0.3734,0.7435,0.5729,0.6863,0.646,0.7075,0.5983
681,0.44491,0.19749,0.059777,0.069525,0.10736,0.093287,0.072491,0.17878,0.37482,0.74315,0.57315,0.68681,0.64634,0.70796,0.59881
682,0.44599,0.19691,0.05924,0.069053,0.10805,0.093687,0.072507,0.1796,0.37648,0.74336,0.57349,0.68751,0.64639,0.70849,0.59943
683,0.44719,0.19646,0.058696,0.068529,0.10885,0.094223,0.072469,0.18057,0.37827,0.744,0.5738,0.68823,0.64618,0.70916,0.60012
684,0.44844,0.19623,0.058247,0.068096,0.10964,0.09492,0.072493,0.18167,0.38008,0.74492,0.57398,0.68879,0.64574,0.71004,0.60082
685,0.4497,0.1963,0.058,0.0679,0.1103,0.0958,0.0727,0.1829,0.3818,0.746,0.5739,0.689,0.6451,0.7112,0.6015
686,0.45092,0.19674,0.05802,0.068036,0.11073,0.09687,0.073168,0.18425,0.38335,0.74712,0.5735,0.68875,0.64431,0.71267,0.60212
687,0.45209,0.19747,0.058223,0.068403,0.11093,0.098065,0.073818,0.18567,0.38474,0.74826,0.5729,0.68816,0.64354,0.71432,0.60274
688,0.45324,0.19838,0.058486,0.068852,0.11092,0.099306,0.074535,0.18709,0.38601,0.74942,0.57225,0.68743,0.64297,0.71599,0.60343
689,0.45437,0.19936,0.058686,0.069234,0.11074,0.10051,0.075202,0.18846,0.38722,0.7506,0.57169,0.68675,0.64279,0.7175,0.6043
690,0.4555,0.2003,0.0587,0.0694,0.1104,0.1016,0.0757,0.1897,0.3884,0.7518,0.5714,0.6863,0.6432,0.7187,0.6054
691,0.45663,0.20112,0.058451,0.069246,0.10995,0.10251,0.075955,0.19079,0.38959,0.753,0.57148,0.68624,0.6443,0.71947,0.6068
692,0.45777,0.20181,0.05804,0.068852,0.10944,0.10323,0.076053,0.19177,0.3908,0.75406,0.57188,0.68655,0.64589,0.71994,0.60841
693,0.45891,0.2024,0.057614,0.068345,0.10897,0.10378,0.076124,0.19273,0.39205,0.75485,0.57251,0.6872,0.64771,0.72029,0.61013
694,0.46006,0.20293,0.057318,0.067853,0.10859,0.10416,0.076297,0.19375,0.39335,0.75521,0.57328,0.68813,0.64947,0.72071,0.61187
695,0.4612,0.2034,0.0573,0.0675,0.1084,0.1044,0.0767,0.1949,0.3947,0.755,0.5741,0.6893,0.6509,0.7214,0.6135
696,0.46234,0.20385,0.057658,0.067377,0.10843,0.10451,0.077417,0.19624,0.39611,0.75414,0.57489,0.69064,0.65179,0.72248,0.61496
697,0.46345,0.20432,0.058303,0.067423,0.10862,0.10453,0.078349,0.1977,0.39752,0.75286,0.57562,0.69203,0.6522,0.72386,0.61627
698,0.4645,0.20482,0.059099,0.06754,0.10888,0.10454,0.079353,0.19918,0.39886,0.75147,0.57629,0.69332,0.65224,0.7254,0.61751
699,0.46546,0.20541,0.05991,0.067632,0.1091,0.10457,0.080284,0.20058,0.40008,0.75028,0.57688,0.69436,0.65204,0.72696,0.61873
700,0.4663,0.2061,0.0606,0.0676,0.1092,0.1047,0.081,0.2018,0.4011,0.7496,0.5774,0.695,0.6517,0.7284,0.62
701,0.46702,0.20694,0.061063,0.067379,0.1091,0.10496,0.0814,0.20277,0.40189,0.74966,0.57783,0.69516,0.65135,0.72961,0.62137
702,0.4677,0.20793,0.061316,0.067033,0.10882,0.1053,0.08156,0.20353,0.40249,0.75037,0.5782,0.69496,0.65106,0.73059,0.62289
703,0.46847,0.20909,0.061408,0.066657,0.10841,0.10566,0.0816,0.20413,0.403,0.75158,0.57852,0.69459,0.65093,0.73141,0.62459
704,0.46943,0.21045,0.061386,0.066347,0.10792,0.10598,0.08164,0.20463,0.40347,0.75311,0.57881,0.69424,0.65101,0.7321,0.62652
705,0.4707,0.212,0.0613,0.0662,0.1074,0.1062,0.0818,0.2051,0.404,0.7548,0.5791,0.6941,0.6514,0.7327,0.6287
706,0.47233,0.21375,0.061199,0.066285,0.10689,0.10627,0.082161,0.20557,0.40463,0.7565,0.5794,0.69429,0.65214,0.73326,0.63115
707,0.47415,0.2156,0.061139,0.066573,0.10645,0.10618,0.082646,0.20604,0.40533,0.75807,0.57968,0.69472,0.65314,0.73378,0.63372
708,0.47591,0.21745,0.061181,0.067008,0.1061,0.10597,0.083142,0.20647,0.40603,0.75941,0.57991,0.69522,0.65431,0.73426,0.63625
709,0.47737,0.21918,0.061381,0.067536,0.10591,0.10563,0.083531,0.20683,0.40668,0.76039,0.58006,0.69563,0.65553,0.7347,0.63857
710,0.4783,0.2207,0.0618,0.0681,0.1059,0.1052,0.0837,0.2071,0.4072,0.7609,0.5801,0.6958,0.6567,0.7351,0.6405
711,0.47854,0.22192,0.062463,0.068654,0.10611,0.10469,0.083573,0.20725,0.40755,0.76086,0.58001,0.69563,0.65771,0.73547,0.64192
712,0.47832,0.22292,0.063269,0.069186,0.1065,0.10415,0.083235,0.20727,0.40768,0.76038,0.57989,0.69525,0.65854,0.73583,0.6429
713,0.47791,0.22381,0.064083,0.069691,0.10701,0.10363,0.08281,0.20717,0.40757,0.75964,0.57984,0.69489,0.65916,0.73625,0.64355
714,0.47764,0.2247,0.064772,0.070163,0.1076,0.1032,0.082424,0.20695,0.40719,0.75879,0.57997,0.69473,0.65956,0.73676,0.64398
715,0.4778,0.2257,0.0652,0.0706,0.1082,0.1029,0.0822,0.2066,0.4065,0.758,0.5804,0.695,0.6597,0.7374,0.6443
716,0.4786,0.2269,0.065282,0.071002,0.10877,0.10277,0.082231,0.20613,0.4055,0.7574,0.58118,0.69582,0.65959,0.7382,0.64463
717,0.47989,0.22829,0.065121,0.071393,0.10931,0.10274,0.082478,0.20555,0.40429,0.75703,0.58215,0.69703,0.65926,0.73907,0.64512
718,0.48145,0.22987,0.064869,0.071803,0.10979,0.10275,0.08287,0.20486,0.40299,0.7569,0.58308,0.69842,0.65879,0.7399,0.6459
719,0.48303,0.23162,0.064678,0.072262,0.11023,0.10269,0.083334,0.20408,0.40172,0.75702,0.58377,0.69975,0.65821,0.74058,0.64711
720,0.4844,0.2335,0.0647,0.0728,0.1106,0.1025,0.0838,0.2032,0.4006,0.7574,0.584,0.7008,0.6576,0.741,0.6489
721,0.48539,0.23551,0.065047,0.073438,0.11092,0.10212,0.084204,0.20226,0.39974,0.75805,0.58363,0.70141,0.65702,0.7411,0.65134
722,0.48607,0.2376,0.065674,0.074161,0.11125,0.10164,0.084516,0.20134,0.39911,0.75896,0.58288,0.70167,0.6566,0.74102,0.65419
723,0.48659,0.23976,0.066498,0.074945,0.11164,0.10119,0.084717,0.20056,0.39869,0.76013,0.58206,0.70175,0.65646,0.74097,0.65714
724,0.48708,0.24193,0.067435,0.075766,0.11217,0.10086,0.084785,0.20001,0.39843,0.76154,0.58146,0.7018,0.65675,0.74113,0.65988
725,0.4877,0.2441,0.0684,0.0766,0.1129,0.1008,0.0847,0.1998,0.3983,0.7632,0.5814,0.702,0.6576,0.7417,0.6621
726,0.48854,0.24623,0.069318,0.077433,0.11387,0.10107,0.084461,0.2,0.39825,0.76505,0.58207,0.70246,0.65907,0.74281,0.66358
727,0.48955,0.24836,0.07015,0.078293,0.11501,0.10161,0.084144,0.2005,0.39825,0.76691,0.5833,0.70316,0.66091,0.74432,0.66449
728,0.49066,0.2505,0.070862,0.079216,0.11624,0.10228,0.083848,0.20116,0.39826,0.76852,0.58478,0.70401,0.66283,0.74602,0.66506
729,0.49177,0.2527,0.071422,0.080239,0.11747,0.10299,0.083667,0.20184,0.39822,0.76966,0.58625,0.70495,0.66449,0.74768,0.66555
730,0.4928,0.255,0.0718,0.0814,0.1186,0.1036,0.0837,0.2024,0.3981,0.7701,0.5874,0.7059,0.6656,0.7491,0.6662
731,0.49369,0.25742,0.071989,0.082732,0.11959,0.10405,0.08401,0.20273,0.39789,0.7697,0.58804,0.70679,0.66593,0.75012,0.66721
732,0.49443,0.25996,0.072088,0.084253,0.12052,0.10439,0.084533,0.20289,0.39772,0.76876,0.58827,0.70757,0.66567,0.75078,0.66849
733,0.49505,0.26264,0.072222,0.085978,0.12153,0.10474,0.08517,0.20296,0.39774,0.76767,0.58829,0.70815,0.66509,0.75118,0.66991
734,0.49556,0.26545,0.072518,0.087923,0.12275,0.10521,0.085825,0.20303,0.39811,0.76685,0.58831,0.70848,0.66447,0.75142,0.67133
735,0.496,0.2684,0.0731,0.0901,0.1243,0.1059,0.0864,0.2032,0.399,0.7667,0.5885,0.7085,0.6641,0.7516,0.6726
736,0.49637,0.2715,0.074049,0.092519,0.12627,0.10688,0.086826,0.20354,0.4005,0.76748,0.58901,0.70816,0.66418,0.7518,0.67364
737,0.49671,0.27478,0.075267,0.095163,0.12857,0.1081,0.087146,0.20409,0.40249,0.76894,0.5897,0.70753,0.66463,0.75205,0.67451
738,0.49701,0.2783,0.076611,0.098006,0.13103,0.10947,0.087434,0.2049,0.40479,0.77069,0.59041,0.70669,0.6653,0.75236,0.67535
739,0.4973,0.28209,0.077936,0.10103,0.13353,0.1109,0.087761,0.20599,0.40722,0.77234,0.59094,0.70572,0.66604,0.75274,0.67627
740,0.4976,0.2862,0.0791,0.1042,0.1359,0.1123,0.0882,0.2074,0.4096,0.7735,0.5911,0.7047,0.6667,0.7532,0.6774
741,0.49792,0.29064,0.080002,0.10751,0.13805,0.1136,0.088804,0.20913,0.41178,0.77389,0.59078,0.70373,0.66717,0.75375,0.6788
742,0.49825,0.29527,0.080711,0.11099,0.14007,0.11477,0.089554,0.21104,0.41376,0.77368,0.5901,0.70289,0.66751,0.75439,0.68031
743,0.4986,0.29992,0.081339,0.11467,0.14208,0.11581,0.090412,0.21294,0.41555,0.77311,0.58925,0.70227,0.66783,0.7551,0.68173
744,0.49895,0.30442,0.081998,0.1186,0.14422,0.11672,0.09134,0.21465,0.41719,0.77246,0.58842,0.70198,0.66823,0.75587,0.68283
745,0.4993,0.3086,0.0828,0.1228,0.1466,0.1175,0.0923,0.216,0.4187,0.772,0.5878,0.7021,0.6688,0.7567,0.6834
746,0.49965,0.31234,0.08383,0.12731,0.14932,0.11815,0.093257,0.21687,0.42011,0.77192,0.58754,0.70269,0.6696,0.75756,0.68331
747,0.50003,0.31578,0.08507,0.13212,0.15231,0.11878,0.094192,0.21741,0.4215,0.77218,0.58763,0.70363,0.67047,0.75838,0.68275
748,0.50044,0.3191,0.086475,0.13722,0.15545,0.11951,0.095088,0.21787,0.42296,0.77267,0.58803,0.70478,0.67119,0.75911,0.68197
749,0.50093,0.32251,0.088,0.14258,0.15861,0.12044,0.09593,0.21845,0.42456,0.77328,0.5887,0.70599,0.67154,0.75968,0.68123
750,0.5015,0.3262,0.0896,0.1482,0.1617,0.1217,0.0967,0.2194,0.4264,0.7739,0.5896,0.7071,0.6713,0.76,0.6808
751,0.50217,0.3303,0.091238,0.15405,0.1646,0.12335,0.097389,0.22087,0.42852,0.77443,0.59067,0.70799,0.67036,0.76005,0.68087
752,0.50288,0.33472,0.092901,0.16012,0.16729,0.12525,0.098007,0.22276,0.4308,0.77478,0.59182,0.70861,0.66897,0.75989,0.68136
753,0.50353,0.33929,0.094586,0.16637,0.16975,0.12719,0.09857,0.2249,0.43308,0.77488,0.59294,0.70896,0.6675,0.75962,0.68211
754,0.50407,0.34387,0.096287,0.17277,0.17195,0.12898,0.099096,0.22714,0.4352,0.77464,0.59394,0.70903,0.66629,0.75936,0.68297
755,0.5044,0.3483,0.098,0.1793,0.1739,0.1304,0.0996,0.2293,0.437,0.774,0.5947,0.7088,0.6657,0.7592,0.6838
756,0.50448,0.35245,0.099718,0.18593,0.17558,0.13133,0.1001,0.23126,0.43838,0.77293,0.59515,0.70828,0.66599,0.75922,0.68448
757,0.50438,0.35632,0.10142,0.19263,0.17708,0.13188,0.10063,0.23304,0.43945,0.77168,0.5953,0.70757,0.66696,0.7594,0.68507
758,0.50423,0.35993,0.1031,0.19938,0.17849,0.13222,0.10122,0.23468,0.44036,0.77056,0.59522,0.70679,0.66835,0.7597,0.68568
759,0.50413,0.36331,0.10473,0.20614,0.1799,0.13253,0.1019,0.23625,0.44129,0.76986,0.59493,0.70606,0.66986,0.76008,0.68642
760,0.5042,0.3665,0.1063,0.2129,0.1814,0.133,0.1027,0.2378,0.4424,0.7699,0.5945,0.7055,0.6712,0.7605,0.6874
761,0.50452,0.36952,0.10779,0.21961,0.18307,0.13374,0.10364,0.23936,0.44381,0.77087,0.59398,0.70521,0.67217,0.76093,0.68868
762,0.50505,0.37245,0.10924,0.22621,0.18488,0.13468,0.1047,0.24089,0.44547,0.77257,0.59349,0.70523,0.67283,0.76136,0.69022
763,0.50573,0.37535,0.11068,0.23261,0.18678,0.13568,0.10581,0.24235,0.44731,0.77467,0.59315,0.70557,0.67334,0.76183,0.69193
764,0.5065,0.37831,0.11216,0.23874,0.18874,0.13659,0.10692,0.24367,0.44925,0.77685,0.59311,0.70625,0.67385,0.76234,0.69372
765,0.5073,0.3814,0.1137,0.2445,0.1907,0.1373,0.108,0.2448,0.4512,0.7788,0.5935,0.7073,0.6745,0.7629,0.6955
766,0.50807,0.38467,0.11535,0.24984,0.19261,0.1377,0.10899,0.24571,0.45308,0.78025,0.59437,0.70867,0.67539,0.76351,0.69719
767,0.50883,0.38802,0.11715,0.25477,0.19436,0.13784,0.10986,0.24648,0.45479,0.78113,0.59553,0.71009,0.67637,0.7641,0.6987
768,0.50959,0.39134,0.11913,0.25933,0.19585,0.13781,0.11059,0.2472,0.45624,0.78141,0.59668,0.71124,0.67726,0.76454,0.69993
769,0.51037,0.3945,0.12133,0.26352,0.19697,0.1377,0.11115,0.24797,0.45731,0.78107,0.59757,0.71178,0.67787,0.76474,0.7008
770,0.5112,0.3974,0.1238,0.2674,0.1976,0.1376,0.1115,0.2489,0.4579,0.7801,0.5979,0.7114,0.678,0.7646,0.7012
771,0.51207,0.39995,0.12654,0.27099,0.19769,0.13758,0.11165,0.25005,0.45799,0.77853,0.59751,0.70991,0.67754,0.76406,0.7011
772,0.51293,0.40225,0.12946,0.27436,0.19737,0.13766,0.11165,0.25139,0.45786,0.77665,0.59661,0.70774,0.67668,0.76332,0.70067
773,0.51371,0.40444,0.13244,0.27757,0.19683,0.13783,0.11162,0.25284,0.45785,0.77483,0.59552,0.70544,0.67569,0.7626,0.70012
774,0.51432,0.40668,0.13536,0.28069,0.19624,0.13808,0.11164,0.25433,0.45831,0.77343,0.59458,0.70361,0.67484,0.76214,0.69969
775,0.5147,0.4091,0.1381,0.2838,0.1958,0.1384,0.1118,0.2558,0.4596,0.7728,0.5941,0.7028,0.6744,0.7622,0.6996
776,0.51479,0.41178,0.14058,0.28693,0.19564,0.13878,0.11217,0.25719,0.46194,0.77319,0.59429,0.7034,0.67457,0.76292,0.69999
777,0.51461,0.41454,0.14291,0.29001,0.19576,0.13913,0.11274,0.25857,0.46509,0.77437,0.59493,0.70503,0.67524,0.76412,0.70069
778,0.51419,0.4171,0.14524,0.29294,0.19609,0.13935,0.11347,0.26003,0.46866,0.77601,0.59569,0.70713,0.67626,0.76554,0.70147
779,0.51358,0.41921,0.14772,0.2956,0.19659,0.13934,0.1143,0.26164,0.47229,0.77776,0.59622,0.70914,0.67743,0.76692,0.70209
780,0.5128,0.4206,0.1505,0.2979,0.1972,0.139,0.1152,0.2635,0.4756,0.7793,0.5962,0.7105,0.6786,0.768,0.7023
