380,0.137,0.036,0.0808,0.0485,0.0941,0.4642,0.2625,0.4572,0.0998,0.3923
381,0.13738,0.04206,0.08198,0.05004,0.0976,0.46956,0.26374,0.45912,0.10098,0.39238
382,0.13776,0.04812,0.08316,0.05158,0.1011,0.47492,0.26498,0.46104,0.10216,0.39246
383,0.13814,0.05418,0.08434,0.05312,0.1046,0.48028,0.26622,0.46296,0.10334,0.39254
384,0.13852,0.06024,0.08552,0.05466,0.1081,0.48564,0.26746,0.46488,0.10452,0.39262
385,0.1389,0.0663,0.0867,0.0562,0.1116,0.491,0.2687,0.4668,0.1057,0.3927
386,0.13924,0.07174,0.08708,0.05762,0.11558,0.49492,0.26938,0.46736,0.10646,0.39278
387,0.13958,0.07718,0.08746,0.05904,0.11956,0.49884,0.27006,0.46792,0.10722,0.39286
388,0.13992,0.08262,0.08784,0.06046,0.12354,0.50276,0.27074,0.46848,0.10798,0.39294
389,0.14026,0.08806,0.08822,0.06188,0.12752,0.50668,0.27142,0.46904,0.10874,0.39302
390,0.1406,0.0935,0.0886,0.0633,0.1315,0.5106,0.2721,0.4696,0.1095,0.3931
391,0.14082,0.09824,0.08796,0.06454,0.1362,0.51272,0.27222,0.46878,0.10962,0.39318
392,0.14104,0.10298,0.08732,0.06578,0.1409,0.51484,0.27234,0.46796,0.10974,0.39326
393,0.14126,0.10772,0.08668,0.06702,0.1456,0.51696,0.27246,0.46714,0.10986,0.39334
394,0.14148,0.11246,0.08604,0.06826,0.1503,0.51908,0.27258,0.46632,0.10998,0.39342
395,0.1417,0.1172,0.0854,0.0695,0.155,0.5212,0.2727,0.4655,0.1101,0.3935
396,0.1423,0.12176,0.08478,0.07068,0.15956,0.52386,0.27218,0.46342,0.11046,0.39358
397,0.1429,0.12632,0.08416,0.07186,0.16412,0.52652,0.27166,0.46134,0.11082,0.39366
398,0.1435,0.13088,0.08354,0.07304,0.16868,0.52918,0.27114,0.45926,0.11118,0.39374
399,0.1441,0.13544,0.08292,0.07422,0.17324,0.53184,0.27062,0.45718,0.11154,0.39382
400,0.1447,0.14,0.0823,0.0754,0.1778,0.5345,0.2701,0.4551,0.1119,0.3939
401,0.14472,0.14358,0.08184,0.07668,0.18108,0.53734,0.26814,0.45324,0.11206,0.39398
402,0.14474,0.14716,0.08138,0.07796,0.18436,0.54018,0.26618,0.45138,0.11222,0.39406
403,0.14476,0.15074,0.08092,0.07924,0.18764,0.54302,0.26422,0.44952,0.11238,0.39414
404,0.14478,0.15432,0.08046,0.08052,0.19092,0.54586,0.26226,0.44766,0.11254,0.39422
405,0.1448,0.1579,0.08,0.0818,0.1942,0.5487,0.2603,0.4458,0.1127,0.3943
406,0.14524,0.16032,0.08006,0.08302,0.19676,0.55054,0.25856,0.44434,0.11296,0.39438
407,0.14568,0.16274,0.08012,0.08424,0.19932,0.55238,0.25682,0.44288,0.11322,0.39446
408,0.14612,0.16516,0.08018,0.08546,0.20188,0.55422,0.25508,0.44142,0.11348,0.39454
409,0.14656,0.16758,0.08024,0.08668,0.20444,0.55606,0.25334,0.43996,0.11374,0.39462
410,0.147,0.17,0.0803,0.0879,0.207,0.5579,0.2516,0.4385,0.114,0.3947
411,0.14758,0.1709,0.0804,0.08878,0.20864,0.55692,0.25036,0.4369,0.11418,0.3948
412,0.14816,0.1718,0.0805,0.08966,0.21028,0.55594,0.24912,0.4353,0.11436,0.3949
413,0.14874,0.1727,0.0806,0.09054,0.21192,0.55496,0.24788,0.4337,0.11454,0.395
414,0.14932,0.1736,0.0807,0.09142,0.21356,0.55398,0.24664,0.4321,0.11472,0.3951
415,0.1499,0.1745,0.0808,0.0923,0.2152,0.553,0.2454,0.4305,0.1149,0.3952
416,0.1507,0.1754,0.0815,0.09312,0.21612,0.5531,0.24472,0.42958,0.11514,0.39526
417,0.1515,0.1763,0.0822,0.09394,0.21704,0.5532,0.24404,0.42866,0.11538,0.39532
418,0.1523,0.1772,0.0829,0.09476,0.21796,0.5533,0.24336,0.42774,0.11562,0.39538
419,0.1531,0.1781,0.0836,0.09558,0.21888,0.5534,0.24268,0.42682,0.11586,0.39544
420,0.1539,0.179,0.0843,0.0964,0.2198,0.5535,0.242,0.4259,0.1161,0.3955
421,0.15408,0.1791,0.08472,0.09716,0.22026,0.55338,0.24124,0.42576,0.11642,0.39558
422,0.15426,0.1792,0.08514,0.09792,0.22072,0.55326,0.24048,0.42562,0.11674,0.39566
423,0.15444,0.1793,0.08556,0.09868,0.22118,0.55314,0.23972,0.42548,0.11706,0.39574
424,0.15462,0.1794,0.08598,0.09944,0.22164,0.55302,0.23896,0.42534,0.11738,0.39582
425,0.1548,0.1795,0.0864,0.1002,0.2221,0.5529,0.2382,0.4252,0.1177,0.3959
426,0.1551,0.17956,0.08702,0.10088,0.22262,0.55332,0.23768,0.4271,0.11826,0.39594
427,0.1554,0.17962,0.08764,0.10156,0.22314,0.55374,0.23716,0.429,0.11882,0.39598
428,0.1557,0.17968,0.08826,0.10224,0.22366,0.55416,0.23664,0.4309,0.11938,0.39602
429,0.156,0.17974,0.08888,0.10292,0.22418,0.55458,0.23612,0.4328,0.11994,0.39606
430,0.1563,0.1798,0.0895,0.1036,0.2247,0.555,0.2356,0.4347,0.1205,0.3961
431,0.15656,0.17984,0.0897,0.104,0.22544,0.5543,0.23512,0.4378,0.12158,0.39614
432,0.15682,0.17988,0.0899,0.1044,0.22618,0.5536,0.23464,0.4409,0.12266,0.39618
433,0.15708,0.17992,0.0901,0.1048,0.22692,0.5529,0.23416,0.444,0.12374,0.39622
434,0.15734,0.17996,0.0903,0.1052,0.22766,0.5522,0.23368,0.4471,0.12482,0.39626
435,0.1576,0.18,0.0905,0.1056,0.2284,0.5515,0.2332,0.4502,0.1259,0.3963
436,0.15842,0.18036,0.09076,0.10594,0.22912,0.54986,0.2336,0.45484,0.12774,0.39632
437,0.15924,0.18072,0.09102,0.10628,0.22984,0.54822,0.234,0.45948,0.12958,0.39634
438,0.16006,0.18108,0.09128,0.10662,0.23056,0.54658,0.2344,0.46412,0.13142,0.39636
439,0.16088,0.18144,0.09154,0.10696,0.23128,0.54494,0.2348,0.46876,0.13326,0.39638
440,0.1617,0.1818,0.0918,0.1073,0.232,0.5433,0.2352,0.4734,0.1351,0.3964
441,0.1629,0.1816,0.09176,0.10744,0.23266,0.54252,0.23696,0.47734,0.13766,0.39646
442,0.1641,0.1814,0.09172,0.10758,0.23332,0.54174,0.23872,0.48128,0.14022,0.39652
443,0.1653,0.1812,0.09168,0.10772,0.23398,0.54096,0.24048,0.48522,0.14278,0.39658
444,0.1665,0.181,0.09164,0.10786,0.23464,0.54018,0.24224,0.48916,0.14534,0.39664
445,0.1677,0.1808,0.0916,0.108,0.2353,0.5394,0.244,0.4931,0.1479,0.3967
446,0.16896,0.1804,0.0916,0.10802,0.23582,0.53828,0.24718,0.49566,0.15098,0.39676
447,0.17022,0.18,0.0916,0.10804,0.23634,0.53716,0.25036,0.49822,0.15406,0.39682
448,0.17148,0.1796,0.0916,0.10806,0.23686,0.53604,0.25354,0.50078,0.15714,0.39688
449,0.17274,0.1792,0.0916,0.10808,0.23738,0.53492,0.25672,0.50334,0.16022,0.39694
450,0.174,0.1788,0.0916,0.1081,0.2379,0.5338,0.2599,0.5059,0.1633,0.397
451,0.17518,0.17878,0.09194,0.108,0.23832,0.5344,0.26302,0.50698,0.16624,0.39704
452,0.17636,0.17876,0.09228,0.1079,0.23874,0.535,0.26614,0.50806,0.16918,0.39708
453,0.17754,0.17874,0.09262,0.1078,0.23916,0.5356,0.26926,0.50914,0.17212,0.39712
454,0.17872,0.17872,0.09296,0.1077,0.23958,0.5362,0.27238,0.51022,0.17506,0.39716
455,0.1799,0.1787,0.0933,0.1076,0.24,0.5368,0.2755,0.5113,0.178,0.3972
456,0.18096,0.1791,0.09358,0.10738,0.24036,0.53586,0.27756,0.5131,0.18044,0.39724
457,0.18202,0.1795,0.09386,0.10716,0.24072,0.53492,0.27962,0.5149,0.18288,0.39728
458,0.18308,0.1799,0.09414,0.10694,0.24108,0.53398,0.28168,0.5167,0.18532,0.39732
459,0.18414,0.1803,0.09442,0.10672,0.24144,0.53304,0.28374,0.5185,0.18776,0.39736
460,0.1852,0.1807,0.0947,0.1065,0.2418,0.5321,0.2858,0.5203,0.1902,0.3974
461,0.1859,0.18172,0.09482,0.10618,0.24214,0.53208,0.28668,0.52304,0.19208,0.39742
462,0.1866,0.18274,0.09494,0.10586,0.24248,0.53206,0.28756,0.52578,0.19396,0.39744
463,0.1873,0.18376,0.09506,0.10554,0.24282,0.53204,0.28844,0.52852,0.19584,0.39746
464,0.188,0.18478,0.09518,0.10522,0.24316,0.53202,0.28932,0.53126,0.19772,0.39748
465,0.1887,0.1858,0.0953,0.1049,0.2435,0.532,0.2902,0.534,0.1996,0.3975
466,0.18884,0.1867,0.09546,0.10438,0.24364,0.53038,0.2908,0.53666,0.201,0.3975
467,0.18898,0.1876,0.09562,0.10386,0.24378,0.52876,0.2914,0.53932,0.2024,0.3975
468,0.18912,0.1885,0.09578,0.10334,0.24392,0.52714,0.292,0.54198,0.2038,0.3975
469,0.18926,0.1894,0.09594,0.10282,0.24406,0.52552,0.2926,0.54464,0.2052,0.3975
470,0.1894,0.1903,0.0961,0.1023,0.2442,0.5239,0.2932,0.5473,0.2066,0.3975
471,0.18954,0.1909,0.09622,0.10174,0.2442,0.52318,0.29336,0.5485,0.20778,0.39752
472,0.18968,0.1915,0.09634,0.10118,0.2442,0.52246,0.29352,0.5497,0.20896,0.39754
473,0.18982,0.1921,0.09646,0.10062,0.2442,0.52174,0.29368,0.5509,0.21014,0.39756
474,0.18996,0.1927,0.09658,0.10006,0.2442,0.52102,0.29384,0.5521,0.21132,0.39758
475,0.1901,0.1933,0.0967,0.0995,0.2442,0.5203,0.294,0.5533,0.2125,0.3976
476,0.19056,0.19334,0.09668,0.09884,0.24398,0.51904,0.29416,0.55426,0.2135,0.39762
477,0.19102,0.19338,0.09666,0.09818,0.24376,0.51778,0.29432,0.55522,0.2145,0.39764
478,0.19148,0.19342,0.09664,0.09752,0.24354,0.51652,0.29448,0.55618,0.2155,0.39766
479,0.19194,0.19346,0.09662,0.09686,0.24332,0.51526,0.29464,0.55714,0.2165,0.39768
480,0.1924,0.1935,0.0966,0.0962,0.2431,0.514,0.2948,0.5581,0.2175,0.3977
481,0.1933,0.19378,0.09662,0.0955,0.24302,0.51432,0.29552,0.55936,0.21844,0.3977
482,0.1942,0.19406,0.09664,0.0948,0.24294,0.51464,0.29624,0.56062,0.21938,0.3977
483,0.1951,0.19434,0.09666,0.0941,0.24286,0.51496,0.29696,0.56188,0.22032,0.3977
484,0.196,0.19462,0.09668,0.0934,0.24278,0.51528,0.29768,0.56314,0.22126,0.3977
485,0.1969,0.1949,0.0967,0.0927,0.2427,0.5156,0.2984,0.5644,0.2222,0.3977
486,0.19902,0.19592,0.09714,0.09202,0.24248,0.51598,0.30084,0.5662,0.223,0.39772
487,0.20114,0.19694,0.09758,0.09134,0.24226,0.51636,0.30328,0.568,0.2238,0.39774
488,0.20326,0.19796,0.09802,0.09066,0.24204,0.51674,0.30572,0.5698,0.2246,0.39776
489,0.20538,0.19898,0.09846,0.08998,0.24182,0.51712,0.30816,0.5716,0.2254,0.39778
490,0.2075,0.2,0.0989,0.0893,0.2416,0.5175,0.3106,0.5734,0.2262,0.3978
491,0.21082,0.20238,0.09936,0.08864,0.24128,0.5176,0.31452,0.57626,0.22704,0.39782
492,0.21414,0.20476,0.09982,0.08798,0.24096,0.5177,0.31844,0.57912,0.22788,0.39784
493,0.21746,0.20714,0.10028,0.08732,0.24064,0.5178,0.32236,0.58198,0.22872,0.39786
494,0.22078,0.20952,0.10074,0.08666,0.24032,0.5179,0.32628,0.58484,0.22956,0.39788
495,0.2241,0.2119,0.1012,0.086,0.24,0.518,0.3302,0.5877,0.2304,0.3979
496,0.22918,0.21592,0.102,0.08544,0.23958,0.51814,0.3358,0.59276,0.23108,0.39792
497,0.23426,0.21994,0.1028,0.08488,0.23916,0.51828,0.3414,0.59782,0.23176,0.39794
498,0.23934,0.22396,0.1036,0.08432,0.23874,0.51842,0.347,0.60288,0.23244,0.39796
499,0.24442,0.22798,0.1044,0.08376,0.23832,0.51856,0.3526,0.60794,0.23312,0.39798
500,0.2495,0.232,0.1052,0.0832,0.2379,0.5187,0.3582,0.613,0.2338,0.398
501,0.2563,0.23844,0.10656,0.08262,0.2375,0.51932,0.36514,0.61914,0.23428,0.39802
502,0.2631,0.24488,0.10792,0.08204,0.2371,0.51994,0.37208,0.62528,0.23476,0.39804
503,0.2699,0.25132,0.10928,0.08146,0.2367,0.52056,0.37902,0.63142,0.23524,0.39806
504,0.2767,0.25776,0.11064,0.08088,0.2363,0.52118,0.38596,0.63756,0.23572,0.39808
505,0.2835,0.2642,0.112,0.0803,0.2359,0.5218,0.3929,0.6437,0.2362,0.3981
506,0.29228,0.27322,0.11424,0.0798,0.23524,0.52138,0.40076,0.64926,0.23642,0.3981
507,0.30106,0.28224,0.11648,0.0793,0.23458,0.52096,0.40862,0.65482,0.23664,0.3981
508,0.30984,0.29126,0.11872,0.0788,0.23392,0.52054,0.41648,0.66038,0.23686,0.3981
509,0.31862,0.30028,0.12096,0.0783,0.23326,0.52012,0.42434,0.66594,0.23708,0.3981
510,0.3274,0.3093,0.1232,0.0778,0.2326,0.5197,0.4322,0.6715,0.2373,0.3981
511,0.33728,0.32044,0.12632,0.0773,0.23164,0.51872,0.44014,0.67568,0.23716,0.3981
512,0.34716,0.33158,0.12944,0.0768,0.23068,0.51774,0.44808,0.67986,0.23702,0.3981
513,0.35704,0.34272,0.13256,0.0763,0.22972,0.51676,0.45602,0.68404,0.23688,0.3981
514,0.36692,0.35386,0.13568,0.0758,0.22876,0.51578,0.46396,0.68822,0.23674,0.3981
515,0.3768,0.365,0.1388,0.0753,0.2278,0.5148,0.4719,0.6924,0.2366,0.3981
516,0.38688,0.37694,0.14288,0.07482,0.22648,0.51504,0.47922,0.6953,0.236,0.39812
517,0.39696,0.38888,0.14696,0.07434,0.22516,0.51528,0.48654,0.6982,0.2354,0.39814
518,0.40704,0.40082,0.15104,0.07386,0.22384,0.51552,0.49386,0.7011,0.2348,0.39816
519,0.41712,0.41276,0.15512,0.07338,0.22252,0.51576,0.50118,0.704,0.2342,0.39818
520,0.4272,0.4247,0.1592,0.0729,0.2212,0.516,0.5085,0.7069,0.2336,0.3982
521,0.4362,0.43616,0.16432,0.0725,0.21954,0.5172,0.51486,0.70876,0.2326,0.39824
522,0.4452,0.44762,0.16944,0.0721,0.21788,0.5184,0.52122,0.71062,0.2316,0.39828
523,0.4542,0.45908,0.17456,0.0717,0.21622,0.5196,0.52758,0.71248,0.2306,0.39832
524,0.4632,0.47054,0.17968,0.0713,0.21456,0.5208,0.53394,0.71434,0.2296,0.39836
525,0.4722,0.482,0.1848,0.0709,0.2129,0.522,0.5403,0.7162,0.2286,0.3984
526,0.4792,0.49158,0.19078,0.0706,0.21128,0.52424,0.5448,0.7172,0.2274,0.39842
527,0.4862,0.50116,0.19676,0.0703,0.20966,0.52648,0.5493,0.7182,0.2262,0.39844
528,0.4932,0.51074,0.20274,0.07,0.20804,0.52872,0.5538,0.7192,0.225,0.39846
529,0.5002,0.52032,0.20872,0.0697,0.20642,0.53096,0.5583,0.7202,0.2238,0.39848
530,0.5072,0.5299,0.2147,0.0694,0.2048,0.5332,0.5628,0.7212,0.2226,0.3985
531,0.51184,0.53732,0.22146,0.0691,0.20328,0.53536,0.56564,0.72204,0.22142,0.39852
532,0.51648,0.54474,0.22822,0.0688,0.20176,0.53752,0.56848,0.72288,0.22024,0.39854
533,0.52112,0.55216,0.23498,0.0685,0.20024,0.53968,0.57132,0.72372,0.21906,0.39856
534,0.52576,0.55958,0.24174,0.0682,0.19872,0.54184,0.57416,0.72456,0.21788,0.39858
535,0.5304,0.567,0.2485,0.0679,0.1972,0.544,0.577,0.7254,0.2167,0.3986
536,0.53332,0.57276,0.25576,0.06786,0.19544,0.54654,0.57866,0.72676,0.2159,0.39864
537,0.53624,0.57852,0.26302,0.06782,0.19368,0.54908,0.58032,0.72812,0.2151,0.39868
538,0.53916,0.58428,0.27028,0.06778,0.19192,0.55162,0.58198,0.72948,0.2143,0.39872
539,0.54208,0.59004,0.27754,0.06774,0.19016,0.55416,0.58364,0.73084,0.2135,0.39876
540,0.545,0.5958,0.2848,0.0677,0.1884,0.5567,0.5853,0.7322,0.2127,0.3988
541,0.547,0.60024,0.29202,0.06756,0.1862,0.55796,0.5863,0.73372,0.21236,0.39884
542,0.549,0.60468,0.29924,0.06742,0.184,0.55922,0.5873,0.73524,0.21202,0.39888
543,0.551,0.60912,0.30646,0.06728,0.1818,0.56048,0.5883,0.73676,0.21168,0.39892
544,0.553,0.61356,0.31368,0.06714,0.1796,0.56174,0.5893,0.73828,0.21134,0.39896
545,0.555,0.618,0.3209,0.067,0.1774,0.563,0.5903,0.7398,0.211,0.399
546,0.5562,0.62086,0.32778,0.06686,0.17494,0.56304,0.59102,0.74092,0.21132,0.39904
547,0.5574,0.62372,0.33466,0.06672,0.17248,0.56308,0.59174,0.74204,0.21164,0.39908
548,0.5586,0.62658,0.34154,0.06658,0.17002,0.56312,0.59246,0.74316,0.21196,0.39912
549,0.5598,0.62944,0.34842,0.06644,0.16756,0.56316,0.59318,0.74428,0.21228,0.39916
550,0.561,0.6323,0.3553,0.0663,0.1651,0.5632,0.5939,0.7454,0.2126,0.3992
551,0.5614,0.63396,0.36132,0.06616,0.16286,0.56202,0.59394,0.74534,0.2133,0.39924
552,0.5618,0.63562,0.36734,0.06602,0.16062,0.56084,0.59398,0.74528,0.214,0.39928
553,0.5622,0.63728,0.37336,0.06588,0.15838,0.55966,0.59402,0.74522,0.2147,0.39932
554,0.5626,0.63894,0.37938,0.06574,0.15614,0.55848,0.59406,0.74516,0.2154,0.39936
555,0.563,0.6406,0.3854,0.0656,0.1539,0.5573,0.5941,0.7451,0.2161,0.3994
556,0.5621,0.64202,0.39174,0.06588,0.15172,0.5568,0.59344,0.7425,0.2167,0.39942
557,0.5612,0.64344,0.39808,0.06616,0.14954,0.5563,0.59278,0.7399,0.2173,0.39944
558,0.5603,0.64486,0.40442,0.06644,0.14736,0.5558,0.59212,0.7373,0.2179,0.39946
559,0.5594,0.64628,0.41076,0.06672,0.14518,0.5553,0.59146,0.7347,0.2185,0.39948
560,0.5585,0.6477,0.4171,0.067,0.143,0.5548,0.5908,0.7321,0.2191,0.3995
561,0.55618,0.64972,0.42502,0.06708,0.14076,0.5569,0.58954,0.73114,0.21934,0.39956
562,0.55386,0.65174,0.43294,0.06716,0.13852,0.559,0.58828,0.73018,0.21958,0.39962
563,0.55154,0.65376,0.44086,0.06724,0.13628,0.5611,0.58702,0.72922,0.21982,0.39968
564,0.54922,0.65578,0.44878,0.06732,0.13404,0.5632,0.58576,0.72826,0.22006,0.39974
565,0.5469,0.6578,0.4567,0.0674,0.1318,0.5653,0.5845,0.7273,0.2203,0.3998
566,0.54318,0.66018,0.46604,0.0672,0.1299,0.56892,0.58288,0.73032,0.2204,0.39986
567,0.53946,0.66256,0.47538,0.067,0.128,0.57254,0.58126,0.73334,0.2205,0.39992
568,0.53574,0.66494,0.48472,0.0668,0.1261,0.57616,0.57964,0.73636,0.2206,0.39998
569,0.53202,0.66732,0.49406,0.0666,0.1242,0.57978,0.57802,0.73938,0.2207,0.40004
570,0.5283,0.6697,0.5034,0.0664,0.1223,0.5834,0.5764,0.7424,0.2208,0.4001
571,0.5241,0.67198,0.51202,0.06612,0.12104,0.5877,0.5742,0.74706,0.22132,0.40012
572,0.5199,0.67426,0.52064,0.06584,0.11978,0.592,0.572,0.75172,0.22184,0.40014
573,0.5157,0.67654,0.52926,0.06556,0.11852,0.5963,0.5698,0.75638,0.22236,0.40016
574,0.5115,0.67882,0.53788,0.06528,0.11726,0.6006,0.5676,0.76104,0.22288,0.40018
575,0.5073,0.6811,0.5465,0.065,0.116,0.6049,0.5654,0.7657,0.2234,0.4002
576,0.50354,0.683,0.55366,0.06486,0.1151,0.60918,0.56312,0.76752,0.22486,0.40022
577,0.49978,0.6849,0.56082,0.06472,0.1142,0.61346,0.56084,0.76934,0.22632,0.40024
578,0.49602,0.6868,0.56798,0.06458,0.1133,0.61774,0.55856,0.77116,0.22778,0.40026
579,0.49226,0.6887,0.57514,0.06444,0.1124,0.62202,0.55628,0.77298,0.22924,0.40028
580,0.4885,0.6906,0.5823,0.0643,0.1115,0.6263,0.554,0.7748,0.2307,0.4003
581,0.48556,0.6923,0.58846,0.06438,0.11084,0.63084,0.55208,0.77544,0.23388,0.40032
582,0.48262,0.694,0.59462,0.06446,0.11018,0.63538,0.55016,0.77608,0.23706,0.40034
583,0.47968,0.6957,0.60078,0.06454,0.10952,0.63992,0.54824,0.77672,0.24024,0.40036
584,0.47674,0.6974,0.60694,0.06462,0.10886,0.64446,0.54632,0.77736,0.24342,0.40038
585,0.4738,0.6991,0.6131,0.0647,0.1082,0.649,0.5444,0.778,0.2466,0.4004
586,0.47154,0.7005,0.6182,0.06494,0.10786,0.6533,0.5429,0.77872,0.25134,0.40042
587,0.46928,0.7019,0.6233,0.06518,0.10752,0.6576,0.5414,0.77944,0.25608,0.40044
588,0.46702,0.7033,0.6284,0.06542,0.10718,0.6619,0.5399,0.78016,0.26082,0.40046
589,0.46476,0.7047,0.6335,0.06566,0.10684,0.6662,0.5384,0.78088,0.26556,0.40048
590,0.4625,0.7061,0.6386,0.0659,0.1065,0.6705,0.5369,0.7816,0.2703,0.4005
591,0.46074,0.70718,0.6426,0.06626,0.10622,0.67384,0.5356,0.7821,0.27568,0.40048
592,0.45898,0.70826,0.6466,0.06662,0.10594,0.67718,0.5343,0.7826,0.28106,0.40046
593,0.45722,0.70934,0.6506,0.06698,0.10566,0.68052,0.533,0.7831,0.28644,0.40044
594,0.45546,0.71042,0.6546,0.06734,0.10538,0.68386,0.5317,0.7836,0.29182,0.40042
595,0.4537,0.7115,0.6586,0.0677,0.1051,0.6872,0.5304,0.7841,0.2972,0.4004
596,0.45236,0.7123,0.66186,0.06798,0.10388,0.68994,0.52948,0.78462,0.30232,0.40042
597,0.45102,0.7131,0.66512,0.06826,0.10266,0.69268,0.52856,0.78514,0.30744,0.40044
598,0.44968,0.7139,0.66838,0.06854,0.10144,0.69542,0.52764,0.78566,0.31256,0.40046
599,0.44834,0.7147,0.67164,0.06882,0.10022,0.69816,0.52672,0.78618,0.31768,0.40048
600,0.447,0.7155,0.6749,0.0691,0.099,0.7009,0.5258,0.7867,0.3228,0.4005
601,0.44536,0.71622,0.67804,0.06948,0.098,0.70286,0.52468,0.78668,0.3272,0.40052
602,0.44372,0.71694,0.68118,0.06986,0.097,0.70482,0.52356,0.78666,0.3316,0.40054
603,0.44208,0.71766,0.68432,0.07024,0.096,0.70678,0.52244,0.78664,0.336,0.40056
604,0.44044,0.71838,0.68746,0.07062,0.095,0.70874,0.52132,0.78662,0.3404,0.40058
605,0.4388,0.7191,0.6906,0.071,0.094,0.7107,0.5202,0.7866,0.3448,0.4006
606,0.4363,0.7198,0.69344,0.07132,0.0939,0.71226,0.5187,0.7861,0.34834,0.40062
607,0.4338,0.7205,0.69628,0.07164,0.0938,0.71382,0.5172,0.7856,0.35188,0.40064
608,0.4313,0.7212,0.69912,0.07196,0.0937,0.71538,0.5157,0.7851,0.35542,0.40066
609,0.4288,0.7219,0.70196,0.07228,0.0936,0.71694,0.5142,0.7846,0.35896,0.40068
610,0.4263,0.7226,0.7048,0.0726,0.0935,0.7185,0.5127,0.7841,0.3625,0.4007
611,0.42322,0.7234,0.70742,0.07288,0.094,0.71956,0.51052,0.78402,0.36454,0.40068
612,0.42014,0.7242,0.71004,0.07316,0.0945,0.72062,0.50834,0.78394,0.36658,0.40066
613,0.41706,0.725,0.71266,0.07344,0.095,0.72168,0.50616,0.78386,0.36862,0.40064
614,0.41398,0.7258,0.71528,0.07372,0.0955,0.72274,0.50398,0.78378,0.37066,0.40062
615,0.4109,0.7266,0.7179,0.074,0.096,0.7238,0.5018,0.7837,0.3727,0.4006
616,0.40816,0.7273,0.7203,0.07402,0.09586,0.72538,0.4998,0.7847,0.37384,0.40056
617,0.40542,0.728,0.7227,0.07404,0.09572,0.72696,0.4978,0.7857,0.37498,0.40052
618,0.40268,0.7287,0.7251,0.07406,0.09558,0.72854,0.4958,0.7867,0.37612,0.40048
619,0.39994,0.7294,0.7275,0.07408,0.09544,0.73012,0.4938,0.7877,0.37726,0.40044
620,0.3972,0.7301,0.7299,0.0741,0.0953,0.7317,0.4918,0.7887,0.3784,0.4004
621,0.39584,0.73076,0.73208,0.07392,0.0951,0.73326,0.49078,0.78954,0.37944,0.40038
622,0.39448,0.73142,0.73426,0.07374,0.0949,0.73482,0.48976,0.79038,0.38048,0.40036
623,0.39312,0.73208,0.73644,0.07356,0.0947,0.73638,0.48874,0.79122,0.38152,0.40034
624,0.39176,0.73274,0.73862,0.07338,0.0945,0.73794,0.48772,0.79206,0.38256,0.40032
625,0.3904,0.7334,0.7408,0.0732,0.0943,0.7395,0.4867,0.7929,0.3836,0.4003
626,0.38964,0.73394,0.74268,0.07322,0.09444,0.74068,0.48666,0.79336,0.38448,0.4003
627,0.38888,0.73448,0.74456,0.07324,0.09458,0.74186,0.48662,0.79382,0.38536,0.4003
628,0.38812,0.73502,0.74644,0.07326,0.09472,0.74304,0.48658,0.79428,0.38624,0.4003
629,0.38736,0.73556,0.74832,0.07328,0.09486,0.74422,0.48654,0.79474,0.38712,0.4003
630,0.3866,0.7361,0.7502,0.0733,0.095,0.7454,0.4865,0.7952,0.388,0.4003
631,0.38514,0.73672,0.752,0.07306,0.09508,0.74632,0.48628,0.79532,0.38892,0.40028
632,0.38368,0.73734,0.7538,0.07282,0.09516,0.74724,0.48606,0.79544,0.38984,0.40026
633,0.38222,0.73796,0.7556,0.07258,0.09524,0.74816,0.48584,0.79556,0.39076,0.40024
634,0.38076,0.73858,0.7574,0.07234,0.09532,0.74908,0.48562,0.79568,0.39168,0.40022
635,0.3793,0.7392,0.7592,0.0721,0.0954,0.75,0.4854,0.7958,0.3926,0.4002
636,0.37548,0.73974,0.76102,0.07228,0.09518,0.75036,0.48336,0.7956,0.39312,0.40018
637,0.37166,0.74028,0.76284,0.07246,0.09496,0.75072,0.48132,0.7954,0.39364,0.40016
638,0.36784,0.74082,0.76466,0.07264,0.09474,0.75108,0.47928,0.7952,0.39416,0.40014
639,0.36402,0.74136,0.76648,0.07282,0.09452,0.75144,0.47724,0.795,0.39468,0.40012
640,0.3602,0.7419,0.7683,0.073,0.0943,0.7518,0.4752,0.7948,0.3952,0.4001
641,0.35416,0.74258,0.76974,0.07314,0.09484,0.75266,0.47118,0.79482,0.39564,0.40006
642,0.34812,0.74326,0.77118,0.07328,0.09538,0.75352,0.46716,0.79484,0.39608,0.40002
643,0.34208,0.74394,0.77262,0.07342,0.09592,0.75438,0.46314,0.79486,0.39652,0.39998
644,0.33604,0.74462,0.77406,0.07356,0.09646,0.75524,0.45912,0.79488,0.39696,0.39994
645,0.33,0.7453,0.7755,0.0737,0.097,0.7561,0.4551,0.7949,0.3974,0.3999
646,0.32462,0.74598,0.7768,0.07488,0.09814,0.75704,0.45112,0.7948,0.39738,0.3999
647,0.31924,0.74666,0.7781,0.07606,0.09928,0.75798,0.44714,0.7947,0.39736,0.3999
648,0.31386,0.74734,0.7794,0.07724,0.10042,0.75892,0.44316,0.7946,0.39734,0.3999
649,0.30848,0.74802,0.7807,0.07842,0.10156,0.75986,0.43918,0.7945,0.39732,0.3999
650,0.3031,0.7487,0.782,0.0796,0.1027,0.7608,0.4352,0.7944,0.3973,0.3999
651,0.29936,0.74936,0.78318,0.08072,0.1033,0.76154,0.43218,0.79406,0.39738,0.3999
652,0.29562,0.75002,0.78436,0.08184,0.1039,0.76228,0.42916,0.79372,0.39746,0.3999
653,0.29188,0.75068,0.78554,0.08296,0.1045,0.76302,0.42614,0.79338,0.39754,0.3999
654,0.28814,0.75134,0.78672,0.08408,0.1051,0.76376,0.42312,0.79304,0.39762,0.3999
655,0.2844,0.752,0.7879,0.0852,0.1057,0.7645,0.4201,0.7927,0.3977,0.3999
656,0.28058,0.75252,0.78892,0.08628,0.106,0.76372,0.41642,0.7932,0.39802,0.3999
657,0.27676,0.75304,0.78994,0.08736,0.1063,0.76294,0.41274,0.7937,0.39834,0.3999
658,0.27294,0.75356,0.79096,0.08844,0.1066,0.76216,0.40906,0.7942,0.39866,0.3999
659,0.26912,0.75408,0.79198,0.08952,0.1069,0.76138,0.40538,0.7947,0.39898,0.3999
660,0.2653,0.7546,0.793,0.0906,0.1072,0.7606,0.4017,0.7952,0.3993,0.3999
661,0.26036,0.75508,0.7937,0.09252,0.10724,0.75978,0.3958,0.7948,0.39972,0.39988
662,0.25542,0.75556,0.7944,0.09444,0.10728,0.75896,0.3899,0.7944,0.40014,0.39986
663,0.25048,0.75604,0.7951,0.09636,0.10732,0.75814,0.384,0.794,0.40056,0.39984
664,0.24554,0.75652,0.7958,0.09828,0.10736,0.75732,0.3781,0.7936,0.40098,0.39982
665,0.2406,0.757,0.7965,0.1002,0.1074,0.7565,0.3722,0.7932,0.4014,0.3998
666,0.23628,0.75752,0.79704,0.10238,0.10802,0.75622,0.36602,0.79338,0.40196,0.39978
667,0.23196,0.75804,0.79758,0.10456,0.10864,0.75594,0.35984,0.79356,0.40252,0.39976
668,0.22764,0.75856,0.79812,0.10674,0.10926,0.75566,0.35366,0.79374,0.40308,0.39974
669,0.22332,0.75908,0.79866,0.10892,0.10988,0.75538,0.34748,0.79392,0.40364,0.39972
670,0.219,0.7596,0.7992,0.1111,0.1105,0.7551,0.3413,0.7941,0.4042,0.3997
671,0.21758,0.7603,0.80004,0.11428,0.1102,0.75588,0.33698,0.79254,0.40462,0.39968
672,0.21616,0.761,0.80088,0.11746,0.1099,0.75666,0.33266,0.79098,0.40504,0.39966
673,0.21474,0.7617,0.80172,0.12064,0.1096,0.75744,0.32834,0.78942,0.40546,0.39964
674,0.21332,0.7624,0.80256,0.12382,0.1093,0.75822,0.32402,0.78786,0.40588,0.39962
675,0.2119,0.7631,0.8034,0.127,0.109,0.759,0.3197,0.7863,0.4063,0.3996
676,0.21412,0.76402,0.80452,0.13026,0.10852,0.76026,0.31906,0.78814,0.40646,0.39958
677,0.21634,0.76494,0.80564,0.13352,0.10804,0.76152,0.31842,0.78998,0.40662,0.39956
678,0.21856,0.76586,0.80676,0.13678,0.10756,0.76278,0.31778,0.79182,0.40678,0.39954
679,0.22078,0.76678,0.80788,0.14004,0.10708,0.76404,0.31714,0.79366,0.40694,0.39952
680,0.223,0.7677,0.809,0.1433,0.1066,0.7653,0.3165,0.7955,0.4071,0.3995
681,0.23204,0.76866,0.81018,0.14754,0.1055,0.76676,0.32326,0.7975,0.40734,0.3995
682,0.24108,0.76962,0.81136,0.15178,0.1044,0.76822,0.33002,0.7995,0.40758,0.3995
683,0.25012,0.77058,0.81254,0.15602,0.1033,0.76968,0.33678,0.8015,0.40782,0.3995
684,0.25916,0.77154,0.81372,0.16026,0.1022,0.77114,0.34354,0.8035,0.40806,0.3995
685,0.2682,0.7725,0.8149,0.1645,0.1011,0.7726,0.3503,0.8055,0.4083,0.3995
686,0.28552,0.77342,0.81594,0.16814,0.10076,0.77354,0.36532,0.80778,0.40852,0.39948
687,0.30284,0.77434,0.81698,0.17178,0.10042,0.77448,0.38034,0.81006,0.40874,0.39946
688,0.32016,0.77526,0.81802,0.17542,0.10008,0.77542,0.39536,0.81234,0.40896,0.39944
689,0.33748,0.77618,0.81906,0.17906,0.09974,0.77636,0.41038,0.81462,0.40918,0.39942
690,0.3548,0.7771,0.8201,0.1827,0.0994,0.7773,0.4254,0.8169,0.4094,0.3994
691,0.37854,0.77784,0.82094,0.18684,0.09922,0.77736,0.4439,0.81716,0.40984,0.39938
692,0.40228,0.77858,0.82178,0.19098,0.09904,0.77742,0.4624,0.81742,0.41028,0.39936
693,0.42602,0.77932,0.82262,0.19512,0.09886,0.77748,0.4809,0.81768,0.41072,0.39934
694,0.44976,0.78006,0.82346,0.19926,0.09868,0.77754,0.4994,0.81794,0.41116,0.39932
695,0.4735,0.7808,0.8243,0.2034,0.0985,0.7776,0.5179,0.8182,0.4116,0.3993
696,0.4974,0.78144,0.825,0.2077,0.09826,0.77746,0.53358,0.81896,0.41158,0.39926
697,0.5213,0.78208,0.8257,0.212,0.09802,0.77732,0.54926,0.81972,0.41156,0.39922
698,0.5452,0.78272,0.8264,0.2163,0.09778,0.77718,0.56494,0.82048,0.41154,0.39918
699,0.5691,0.78336,0.8271,0.2206,0.09754,0.77704,0.58062,0.82124,0.41152,0.39914
700,0.593,0.784,0.8278,0.2249,0.0973,0.7769,0.5963,0.822,0.4115,0.3991
701,0.61248,0.78432,0.8283,0.22922,0.09692,0.7773,0.60706,0.82282,0.4113,0.39908
702,0.63196,0.78464,0.8288,0.23354,0.09654,0.7777,0.61782,0.82364,0.4111,0.39906
703,0.65144,0.78496,0.8293,0.23786,0.09616,0.7781,0.62858,0.82446,0.4109,0.39904
704,0.67092,0.78528,0.8298,0.24218,0.09578,0.7785,0.63934,0.82528,0.4107,0.39902
705,0.6904,0.7856,0.8303,0.2465,0.0954,0.7789,0.6501,0.8261,0.4105,0.399
706,0.7047,0.78578,0.83072,0.24996,0.09502,0.77946,0.65704,0.82606,0.41064,0.39898
707,0.719,0.78596,0.83114,0.25342,0.09464,0.78002,0.66398,0.82602,0.41078,0.39896
708,0.7333,0.78614,0.83156,0.25688,0.09426,0.78058,0.67092,0.82598,0.41092,0.39894
709,0.7476,0.78632,0.83198,0.26034,0.09388,0.78114,0.67786,0.82594,0.41106,0.39892
710,0.7619,0.7865,0.8324,0.2638,0.0935,0.7817,0.6848,0.8259,0.4112,0.3989
711,0.7725,0.78656,0.83244,0.26692,0.09366,0.78232,0.68986,0.82666,0.41128,0.3989
712,0.7831,0.78662,0.83248,0.27004,0.09382,0.78294,0.69492,0.82742,0.41136,0.3989
713,0.7937,0.78668,0.83252,0.27316,0.09398,0.78356,0.69998,0.82818,0.41144,0.3989
714,0.8043,0.78674,0.83256,0.27628,0.09414,0.78418,0.70504,0.82894,0.41152,0.3989
715,0.8149,0.7868,0.8326,0.2794,0.0943,0.7848,0.7101,0.8297,0.4116,0.3989
716,0.82306,0.7869,0.83258,0.2827,0.09472,0.78522,0.71426,0.82994,0.41168,0.39888
717,0.83122,0.787,0.83256,0.286,0.09514,0.78564,0.71842,0.83018,0.41176,0.39886
718,0.83938,0.7871,0.83254,0.2893,0.09556,0.78606,0.72258,0.83042,0.41184,0.39884
719,0.84754,0.7872,0.83252,0.2926,0.09598,0.78648,0.72674,0.83066,0.41192,0.39882
720,0.8557,0.7873,0.8325,0.2959,0.0964,0.7869,0.7309,0.8309,0.412,0.3988
721,0.8614,0.78716,0.83258,0.299,0.097,0.7875,0.73402,0.83028,0.4117,0.39878
722,0.8671,0.78702,0.83266,0.3021,0.0976,0.7881,0.73714,0.82966,0.4114,0.39876
723,0.8728,0.78688,0.83274,0.3052,0.0982,0.7887,0.74026,0.82904,0.4111,0.39874
724,0.8785,0.78674,0.83282,0.3083,0.0988,0.7893,0.74338,0.82842,0.4108,0.39872
725,0.8842,0.7866,0.8329,0.3114,0.0994,0.7899,0.7465,0.8278,0.4105,0.3987
726,0.88712,0.78624,0.8328,0.31422,0.10088,0.78994,0.74782,0.82718,0.40998,0.39866
727,0.89004,0.78588,0.8327,0.31704,0.10236,0.78998,0.74914,0.82656,0.40946,0.39862
728,0.89296,0.78552,0.8326,0.31986,0.10384,0.79002,0.75046,0.82594,0.40894,0.39858
729,0.89588,0.78516,0.8325,0.32268,0.10532,0.79006,0.75178,0.82532,0.40842,0.39854
730,0.8988,0.7848,0.8324,0.3255,0.1068,0.7901,0.7531,0.8247,0.4079,0.3985
731,0.9004,0.78446,0.8321,0.32852,0.10918,0.78986,0.7534,0.82476,0.40768,0.3985
732,0.902,0.78412,0.8318,0.33154,0.11156,0.78962,0.7537,0.82482,0.40746,0.3985
733,0.9036,0.78378,0.8315,0.33456,0.11394,0.78938,0.754,0.82488,0.40724,0.3985
734,0.9052,0.78344,0.8312,0.33758,0.11632,0.78914,0.7543,0.82494,0.40702,0.3985
735,0.9068,0.7831,0.8309,0.3406,0.1187,0.7889,0.7546,0.825,0.4068,0.3985
736,0.90796,0.78282,0.83082,0.34432,0.12132,0.78868,0.75438,0.82528,0.4067,0.39848
737,0.90912,0.78254,0.83074,0.34804,0.12394,0.78846,0.75416,0.82556,0.4066,0.39846
738,0.91028,0.78226,0.83066,0.35176,0.12656,0.78824,0.75394,0.82584,0.4065,0.39844
739,0.91144,0.78198,0.83058,0.35548,0.12918,0.78802,0.75372,0.82612,0.4064,0.39842
740,0.9126,0.7817,0.8305,0.3592,0.1318,0.7878,0.7535,0.8264,0.4063,0.3984
741,0.91336,0.78176,0.83054,0.36264,0.13456,0.7883,0.75378,0.82572,0.40652,0.3984
742,0.91412,0.78182,0.83058,0.36608,0.13732,0.7888,0.75406,0.82504,0.40674,0.3984
743,0.91488,0.78188,0.83062,0.36952,0.14008,0.7893,0.75434,0.82436,0.40696,0.3984
744,0.91564,0.78194,0.83066,0.37296,0.14284,0.7898,0.75462,0.82368,0.40718,0.3984
745,0.9164,0.782,0.8307,0.3764,0.1456,0.7903,0.7549,0.823,0.4074,0.3984
746,0.91632,0.78238,0.83094,0.37984,0.14932,0.7917,0.75536,0.82232,0.40656,0.39834
747,0.91624,0.78276,0.83118,0.38328,0.15304,0.7931,0.75582,0.82164,0.40572,0.39828
748,0.91616,0.78314,0.83142,0.38672,0.15676,0.7945,0.75628,0.82096,0.40488,0.39822
749,0.91608,0.78352,0.83166,0.39016,0.16048,0.7959,0.75674,0.82028,0.40404,0.39816
750,0.916,0.7839,0.8319,0.3936,0.1642,0.7973,0.7572,0.8196,0.4032,0.3981
751,0.91596,0.78416,0.83192,0.39694,0.16894,0.79814,0.7573,0.81938,0.40306,0.3981
752,0.91592,0.78442,0.83194,0.40028,0.17368,0.79898,0.7574,0.81916,0.40292,0.3981
753,0.91588,0.78468,0.83196,0.40362,0.17842,0.79982,0.7575,0.81894,0.40278,0.3981
754,0.91584,0.78494,0.83198,0.40696,0.18316,0.80066,0.7576,0.81872,0.40264,0.3981
755,0.9158,0.7852,0.832,0.4103,0.1879,0.8015,0.7577,0.8185,0.4025,0.3981
756,0.91582,0.7856,0.83252,0.4136,0.19188,0.80186,0.75772,0.81942,0.40318,0.39808
757,0.91584,0.786,0.83304,0.4169,0.19586,0.80222,0.75774,0.82034,0.40386,0.39806
758,0.91586,0.7864,0.83356,0.4202,0.19984,0.80258,0.75776,0.82126,0.40454,0.39804
759,0.91588,0.7868,0.83408,0.4235,0.20382,0.80294,0.75778,0.82218,0.40522,0.39802
760,0.9159,0.7872,0.8346,0.4268,0.2078,0.8033,0.7578,0.8231,0.4059,0.398
761,0.91536,0.78774,0.83476,0.42976,0.21046,0.80358,0.75792,0.8237,0.40536,0.398
762,0.91482,0.78828,0.83492,0.43272,0.21312,0.80386,0.75804,0.8243,0.40482,0.398
763,0.91428,0.78882,0.83508,0.43568,0.21578,0.80414,0.75816,0.8249,0.40428,0.398
764,0.91374,0.78936,0.83524,0.43864,0.21844,0.80442,0.75828,0.8255,0.40374,0.398
765,0.9132,0.7899,0.8354,0.4416,0.2211,0.8047,0.7584,0.8261,0.4032,0.398
766,0.9128,0.7903,0.83566,0.44436,0.22376,0.80472,0.75822,0.82448,0.40234,0.39798
767,0.9124,0.7907,0.83592,0.44712,0.22642,0.80474,0.75804,0.82286,0.40148,0.39796
768,0.912,0.7911,0.83618,0.44988,0.22908,0.80476,0.75786,0.82124,0.40062,0.39794
769,0.9116,0.7915,0.83644,0.45264,0.23174,0.80478,0.75768,0.81962,0.39976,0.39792
770,0.9112,0.7919,0.8367,0.4554,0.2344,0.8048,0.7575,0.818,0.3989,0.3979
771,0.91112,0.79236,0.83704,0.45808,0.23654,0.80472,0.75742,0.81768,0.3989,0.3979
772,0.91104,0.79282,0.83738,0.46076,0.23868,0.80464,0.75734,0.81736,0.3989,0.3979
773,0.91096,0.79328,0.83772,0.46344,0.24082,0.80456,0.75726,0.81704,0.3989,0.3979
774,0.91088,0.79374,0.83806,0.46612,0.24296,0.80448,0.75718,0.81672,0.3989,0.3979
775,0.9108,0.7942,0.8384,0.4688,0.2451,0.8044,0.7571,0.8164,0.3989,0.3979
776,0.91108,0.79458,0.83878,0.47138,0.24696,0.80412,0.75698,0.81634,0.39948,0.3979
777,0.91136,0.79496,0.83916,0.47396,0.24882,0.80384,0.75686,0.81628,0.40006,0.3979
778,0.91164,0.79534,0.83954,0.47654,0.25068,0.80356,0.75674,0.81622,0.40064,0.3979
779,0.91192,0.79572,0.83992,0.47912,0.25254,0.80328,0.75662,0.81616,0.40122,0.3979
780,0.9122,0.7961,0.8403,0.4817,0.2544,0.803,0.7565,0.8161,0.4018,0.3979
