1.000000000e+11
1.000000000e+06
5.000000000e+05
3.333333333e+05
2.500000000e+05
2.000000000e+05
1.666666667e+05
1.428571429e+05
1.250000000e+05
1.111111111e+05
1.000000000e+05
9.090909091e+04
8.333333333e+04
7.692307692e+04
7.142857143e+04
6.666666667e+04
6.250000000e+04
5.882352941e+04
5.555555556e+04
5.263157895e+04
5.000000000e+04
4.545454545e+04
4.166666667e+04
3.846153846e+04
3.571428571e+04
3.333333333e+04
3.125000000e+04
2.941176471e+04
2.777777778e+04
2.631578947e+04
2.500000000e+04
2.380952381e+04
2.272727273e+04
2.173913043e+04
2.083333333e+04
2.000000000e+04
1.666666667e+04
1.428571429e+04
1.250000000e+04
1.111111111e+04
1.000000000e+04
8.000000000e+03
6.666666667e+03
5.714285714e+03
5.000000000e+03
4.444444444e+03
4.000000000e+03
3.636363636e+03
3.333333333e+03
3.076923077e+03
2.857142857e+03
2.666666667e+03
2.500000000e+03
2.352941176e+03
2.222222222e+03
2.105263158e+03
2.000000000e+03
1.904761905e+03
1.818181818e+03
1.739130435e+03
1.666666667e+03
1.600000000e+03
1.379310345e+03
1.212121212e+03
1.081081081e+03
1.000000000e+03
8.333333333e+02
7.142857143e+02
6.250000000e+02
5.555555556e+02
5.000000000e+02
4.545454545e+02
