1.000000000e+11,1.762563662e-01,2.622265191e-01,1.762563655e-01,2.622265168e-01,-1.627556728e-01,1.585134248e-01,-3.040371159e-01
1.000000000e+06,1.763275399e-01,2.624596265e-01,1.762569415e-01,2.622287886e-01,1.678253905e-01,2.289739684e-01,-3.058353969e-01
5.000000000e+05,1.763995804e-01,2.626947803e-01,1.762586695e-01,2.622356035e-01,1.678260875e-01,2.289828605e-01,-3.068772189e-01
3.333333333e+05,1.764724947e-01,2.629319696e-01,1.762615498e-01,2.622469599e-01,1.678272498e-01,2.289976783e-01,-3.079442467e-01
2.500000000e+05,1.765462902e-01,2.631711856e-01,1.762655828e-01,2.622628550e-01,1.678288783e-01,2.290184184e-01,-3.090365561e-01
2.000000000e+05,1.766209746e-01,2.634124189e-01,1.762707690e-01,2.622832852e-01,1.678309746e-01,2.290450761e-01,-3.101542214e-01
1.666666667e+05,1.766965553e-01,2.636556594e-01,1.762771090e-01,2.623082455e-01,1.678335403e-01,2.290776453e-01,-3.112973153e-01
1.428571429e+05,1.767730400e-01,2.639008966e-01,1.762846038e-01,2.623377302e-01,1.678365776e-01,2.291161185e-01,-3.124659088e-01
1.250000000e+05,1.768504361e-01,2.641481197e-01,1.762932542e-01,2.623717322e-01,1.678400891e-01,2.291604869e-01,-3.136600715e-01
1.111111111e+05,1.769287510e-01,2.643973171e-01,1.763030615e-01,2.624102436e-01,1.678440776e-01,2.292107403e-01,-3.148798714e-01
1.000000000e+05,1.770079922e-01,2.646484769e-01,1.763140269e-01,2.624532552e-01,1.678485466e-01,2.292668673e-01,-3.161253749e-01
9.090909091e+04,1.770881671e-01,2.649015865e-01,1.763261519e-01,2.625007570e-01,1.678534996e-01,2.293288550e-01,-3.173966469e-01
8.333333333e+04,1.771692831e-01,2.651566331e-01,1.763394380e-01,2.625527378e-01,1.678589409e-01,2.293966892e-01,-3.186937506e-01
7.692307692e+04,1.772513476e-01,2.654136033e-01,1.763538869e-01,2.626091854e-01,1.678648748e-01,2.294703546e-01,-3.200167480e-01
7.142857143e+04,1.773343677e-01,2.656724830e-01,1.763695005e-01,2.626700866e-01,1.678713061e-01,2.295498342e-01,-3.213656994e-01
6.666666667e+04,1.774183507e-01,2.659332579e-01,1.763862807e-01,2.627354271e-01,1.678782400e-01,2.296351102e-01,-3.227406635e-01
6.250000000e+04,1.775033039e-01,2.661959133e-01,1.764042297e-01,2.628051918e-01,1.678856821e-01,2.297261631e-01,-3.241416977e-01
5.882352941e+04,1.775892344e-01,2.664604337e-01,1.764233498e-01,2.628793644e-01,1.678936382e-01,2.298229723e-01,-3.255688578e-01
5.555555556e+04,1.776761493e-01,2.667268034e-01,1.764436432e-01,2.629579276e-01,1.679021146e-01,2.299255159e-01,-3.270221983e-01
5.263157895e+04,1.777640556e-01,2.669950062e-01,1.764651126e-01,2.630408632e-01,1.679111178e-01,2.300337708e-01,-3.285017721e-01
5.000000000e+04,1.778529604e-01,2.672650255e-01,1.764877606e-01,2.631281521e-01,1.679206548e-01,2.301477126e-01,-3.300076308e-01
4.545454545e+04,1.780337928e-01,2.678104446e-01,1.765366032e-01,2.633157082e-01,1.679413594e-01,2.303925535e-01,-3.330984020e-01
4.166666667e+04,1.782187011e-01,2.683629191e-01,1.765901945e-01,2.635204235e-01,1.679642900e-01,2.306598194e-01,-3.362948970e-01
3.846153846e+04,1.784077389e-01,2.689223007e-01,1.766485596e-01,2.637421110e-01,1.679895135e-01,2.309492723e-01,-3.395974792e-01
3.571428571e+04,1.786009585e-01,2.694884347e-01,1.767117250e-01,2.639805696e-01,1.680171010e-01,2.312606559e-01,-3.430064917e-01
3.333333333e+04,1.787984108e-01,2.700611608e-01,1.767797189e-01,2.642355842e-01,1.680471283e-01,2.315936963e-01,-3.465222578e-01
3.125000000e+04,1.790001456e-01,2.706403125e-01,1.768525707e-01,2.645069267e-01,1.680796754e-01,2.319481023e-01,-3.501450820e-01
2.941176471e+04,1.792062110e-01,2.712257182e-01,1.769303112e-01,2.647943563e-01,1.681148260e-01,2.323235664e-01,-3.538752509e-01
2.777777778e+04,1.794166538e-01,2.718172011e-01,1.770129720e-01,2.650976198e-01,1.681526673e-01,2.327197651e-01,-3.577130343e-01
2.631578947e+04,1.796315189e-01,2.724145796e-01,1.771005855e-01,2.654164527e-01,1.681932898e-01,2.331363599e-01,-3.616586858e-01
2.500000000e+04,1.798508498e-01,2.730176677e-01,1.771931852e-01,2.657505794e-01,1.682367871e-01,2.335729978e-01,-3.657124444e-01
2.380952381e+04,1.800746881e-01,2.736262752e-01,1.772908047e-01,2.660997140e-01,1.682832552e-01,2.340293122e-01,-3.698745355e-01
2.272727273e+04,1.803030735e-01,2.742402083e-01,1.773934784e-01,2.664635609e-01,1.683327924e-01,2.345049235e-01,-3.741451719e-01
2.173913043e+04,1.805360441e-01,2.748592697e-01,1.775012407e-01,2.668418151e-01,1.683854989e-01,2.349994401e-01,-3.785245551e-01
2.083333333e+04,1.807736358e-01,2.754832589e-01,1.776141261e-01,2.672341635e-01,1.684414768e-01,2.355124588e-01,-3.830128762e-01
2.000000000e+04,1.810158827e-01,2.761119729e-01,1.777321691e-01,2.676402851e-01,1.685008292e-01,2.360435661e-01,-3.876103179e-01
1.666666667e+04,1.822979883e-01,2.793191560e-01,1.784009284e-01,2.698657856e-01,1.688518700e-01,2.389553169e-01,-4.122402639e-01
1.428571429e+04,1.837003554e-01,2.826130141e-01,1.792034848e-01,2.723840845e-01,1.693029371e-01,2.422525782e-01,-4.396227904e-01
1.250000000e+04,1.852247936e-01,2.859670845e-01,1.801431909e-01,2.751500705e-01,1.698665294e-01,2.458765785e-01,-4.697786867e-01
1.111111111e+04,1.868717208e-01,2.893555504e-01,1.812223906e-01,2.781183183e-01,1.705538283e-01,2.497677882e-01,-5.027332516e-01
1.000000000e+04,1.886402209e-01,2.927539792e-01,1.824421959e-01,2.812446196e-01,1.713741140e-01,2.538679703e-01,-5.385204053e-01
8.000000000e+03,1.935767534e-01,3.011516735e-01,1.861021321e-01,2.894858037e-01,1.740467917e-01,2.646804300e-01,-6.407255906e-01
6.666666667e+03,1.991979836e-01,3.091913193e-01,1.905980876e-01,2.979082403e-01,1.776334605e-01,2.757297715e-01,-7.621940798e-01
5.714285714e+03,2.054206818e-01,3.166818275e-01,1.958537967e-01,3.061113257e-01,1.821011371e-01,2.864865261e-01,-9.050549566e-01
5.000000000e+03,2.121522819e-01,3.235146901e-01,2.017719441e-01,3.138367370e-01,1.873662870e-01,2.966145840e-01,-1.072575744e+00
4.444444444e+03,2.193011909e-01,3.296436913e-01,2.082493079e-01,3.209373067e-01,1.933223530e-01,3.059282621e-01,-1.269399806e+00
4.000000000e+03,2.267824485e-01,3.350654904e-01,2.151864539e-01,3.273443943e-01,1.998587660e-01,3.143459292e-01,-1.501858622e+00
3.636363636e+03,2.345201132e-01,3.398043254e-01,2.224925717e-01,3.330413629e-01,2.068711914e-01,3.218525146e-01,-1.778442716e+00
3.333333333e+03,2.424477675e-01,3.439010460e-01,2.300871594e-01,3.380444313e-01,2.142657358e-01,3.284732103e-01,-2.110538030e+00
3.076923077e+03,2.505081018e-01,3.474056068e-01,2.379000412e-01,3.423896468e-01,2.219598656e-01,3.342563852e-01,-2.513588746e+00
2.857142857e+03,2.586521234e-01,3.503720433e-01,2.458706590e-01,3.461242434e-01,2.298818729e-01,3.392628696e-01,-3.008961056e+00
2.666666667e+03,2.668382559e-01,3.528551505e-01,2.539471233e-01,3.493009490e-01,2.379698602e-01,3.435592750e-01,-3.627012342e+00
2.500000000e+03,2.750314464e-01,3.549083230e-01,2.620852365e-01,3.519742367e-01,2.461706608e-01,3.472137829e-01,-4.412348045e+00
2.352941176e+03,2.832023242e-01,3.565821923e-01,2.702475670e-01,3.541978671e-01,2.544388334e-01,3.502934468e-01,-5.433301258e+00
2.222222222e+03,2.913264297e-01,3.579238214e-01,2.784025945e-01,3.560233081e-01,2.627357531e-01,3.528624601e-01,-6.800181693e+00
2.105263158e+03,2.993835153e-01,3.589762882e-01,2.865239305e-01,3.574987637e-01,2.710287877e-01,3.549810705e-01,-8.703466409e+00
2.000000000e+03,3.073569210e-01,3.597785441e-01,2.945896109e-01,3.586686331e-01,2.792905436e-01,3.567049493e-01,-1.150300276e+01
1.904761905e+03,3.152330225e-01,3.603654584e-01,3.025814607e-01,3.595732736e-01,2.874981756e-01,3.580848910e-01,-1.597046878e+01
1.818181818e+03,3.230007503e-01,3.607679888e-01,3.104845277e-01,3.602489777e-01,2.956327569e-01,3.591667521e-01,-2.411552018e+01
1.739130435e+03,3.306511731e-01,3.610134301e-01,3.182865843e-01,3.607280936e-01,3.036787099e-01,3.599915614e-01,-4.333336367e+01
1.666666667e+03,3.381771442e-01,3.611257053e-01,3.259776942e-01,3.610392404e-01,3.116232990e-01,3.605957483e-01,-1.410913813e+02
1.600000000e+03,3.455730009e-01,3.611256777e-01,3.335498400e-01,3.612075798e-01,3.194561842e-01,3.610114466e-01,1.467991122e+02
1.379310345e+03,3.737810781e-01,3.603298702e-01,3.625391784e-01,3.608519862e-01,3.495275485e-01,3.613014432e-01,2.153142044e+01
1.212121212e+03,3.997020978e-01,3.588101875e-01,3.893057584e-01,3.595279721e-01,3.773881335e-01,3.602693187e-01,1.448392702e+01
1.081081081e+03,4.233211725e-01,3.570153545e-01,4.137869783e-01,3.577967080e-01,4.029380402e-01,3.586430540e-01,1.220215187e+01
1.000000000e+03,4.395586554e-01,3.556338566e-01,4.306645128e-01,3.564154447e-01,4.205886459e-01,3.572744998e-01,1.137957734e+01
8.333333333e+02,4.770314374e-01,3.521745508e-01,4.697571851e-01,3.528703920e-01,4.615872877e-01,3.536445396e-01,1.045389748e+01
7.142857143e+02,5.068805159e-01,3.492737490e-01,5.010423417e-01,3.498479585e-01,4.945212925e-01,3.504872111e-01,1.016732565e+01
6.250000000e+02,5.302611574e-01,3.469613237e-01,5.256537062e-01,3.474190056e-01,5.205228391e-01,3.479280480e-01,1.006692807e+01
5.555555556e+02,5.482556591e-01,3.451700859e-01,5.446898336e-01,3.455256398e-01,5.407192533e-01,3.459213563e-01,1.002893144e+01
5.000000000e+02,5.617746914e-01,3.438209548e-01,5.590951034e-01,3.440885492e-01,5.560982495e-01,3.443877648e-01,1.001361480e+01
4.545454545e+02,5.715390723e-01,3.428455015e-01,5.696247720e-01,3.430367959e-01,5.674584543e-01,3.432532545e-01,1.000708616e+01
