1.000000000e+11,1.771127279e-01,2.658618607e-01,1.771127272e-01,2.658618585e-01,-1.050892827e-01,1.805139074e-01,-3.159989004e-01
1.000000000e+06,1.771808972e-01,2.660766655e-01,1.771132768e-01,2.658639549e-01,1.691210514e-01,2.353815116e-01,-3.178985532e-01
5.000000000e+05,1.772499086e-01,2.662933738e-01,1.771149258e-01,2.658702436e-01,1.691216548e-01,2.353896771e-01,-3.190100114e-01
3.333333333e+05,1.773197691e-01,2.665119762e-01,1.771176745e-01,2.658807232e-01,1.691226611e-01,2.354032843e-01,-3.201483472e-01
2.500000000e+05,1.773904863e-01,2.667324649e-01,1.771215231e-01,2.658953911e-01,1.691240714e-01,2.354223299e-01,-3.213136338e-01
2.000000000e+05,1.774620681e-01,2.669548317e-01,1.771264724e-01,2.659142441e-01,1.691258871e-01,2.354468096e-01,-3.225059420e-01
1.666666667e+05,1.775345220e-01,2.671790679e-01,1.771325230e-01,2.659372776e-01,1.691281100e-01,2.354767177e-01,-3.237253409e-01
1.428571429e+05,1.776078557e-01,2.674051644e-01,1.771396758e-01,2.659644863e-01,1.691307424e-01,2.355120474e-01,-3.249718976e-01
1.250000000e+05,1.776820770e-01,2.676331116e-01,1.771479321e-01,2.659958640e-01,1.691337870e-01,2.355527906e-01,-3.262456775e-01
1.111111111e+05,1.777571934e-01,2.678628993e-01,1.771572929e-01,2.660314033e-01,1.691372468e-01,2.355989378e-01,-3.275467437e-01
1.000000000e+05,1.778332126e-01,2.680945171e-01,1.771677596e-01,2.660710959e-01,1.691411253e-01,2.356504785e-01,-3.288751576e-01
9.090909091e+04,1.779101421e-01,2.683279539e-01,1.771793339e-01,2.661149327e-01,1.691454264e-01,2.357074009e-01,-3.302309788e-01
8.333333333e+04,1.779879895e-01,2.685631985e-01,1.771920174e-01,2.661629035e-01,1.691501542e-01,2.357696920e-01,-3.316142648e-01
7.692307692e+04,1.780667624e-01,2.688002389e-01,1.772058120e-01,2.662149972e-01,1.691553135e-01,2.358373374e-01,-3.330250714e-01
7.142857143e+04,1.781464682e-01,2.690390629e-01,1.772207198e-01,2.662712018e-01,1.691609093e-01,2.359103219e-01,-3.344634524e-01
6.666666667e+04,1.782271143e-01,2.692796577e-01,1.772367428e-01,2.663315044e-01,1.691669468e-01,2.359886286e-01,-3.359294597e-01
6.250000000e+04,1.783087083e-01,2.695220102e-01,1.772538834e-01,2.663958910e-01,1.691734321e-01,2.360722399e-01,-3.374231437e-01
5.882352941e+04,1.783912575e-01,2.697661068e-01,1.772721440e-01,2.664643470e-01,1.691803710e-01,2.361611367e-01,-3.389445526e-01
5.555555556e+04,1.784747693e-01,2.700119336e-01,1.772915273e-01,2.665368566e-01,1.691877703e-01,2.362552989e-01,-3.404937330e-01
5.263157895e+04,1.785592508e-01,2.702594762e-01,1.773120360e-01,2.666134033e-01,1.691956367e-01,2.363547052e-01,-3.420707298e-01
5.000000000e+04,1.786447093e-01,2.705087197e-01,1.773336729e-01,2.666939697e-01,1.692039774e-01,2.364593332e-01,-3.436755858e-01
4.545454545e+04,1.788185862e-01,2.710122486e-01,1.773803436e-01,2.668670871e-01,1.692221125e-01,2.366841588e-01,-3.469690395e-01
4.166666667e+04,1.789964567e-01,2.715223941e-01,1.774315648e-01,2.670560522e-01,1.692422398e-01,2.369295742e-01,-3.503744041e-01
3.846153846e+04,1.791783763e-01,2.720390242e-01,1.774873640e-01,2.672606950e-01,1.692644290e-01,2.371953605e-01,-3.538919633e-01
3.571428571e+04,1.793643998e-01,2.725620010e-01,1.775477704e-01,2.674808325e-01,1.692887544e-01,2.374812820e-01,-3.575219749e-01
3.333333333e+04,1.795545805e-01,2.730911811e-01,1.776128147e-01,2.677162691e-01,1.693152950e-01,2.377870869e-01,-3.612646724e-01
3.125000000e+04,1.797489707e-01,2.736264160e-01,1.776825293e-01,2.679667975e-01,1.693441341e-01,2.381125078e-01,-3.651202652e-01
2.941176471e+04,1.799476210e-01,2.741675519e-01,1.777569477e-01,2.682321986e-01,1.693753591e-01,2.384572621e-01,-3.690889404e-01
2.777777778e+04,1.801505808e-01,2.747144306e-01,1.778361049e-01,2.685122424e-01,1.694090608e-01,2.388210529e-01,-3.731708636e-01
2.631578947e+04,1.803578979e-01,2.752668893e-01,1.779200365e-01,2.688066884e-01,1.694453338e-01,2.392035696e-01,-3.773661803e-01
2.500000000e+04,1.805696184e-01,2.758247613e-01,1.780087793e-01,2.691152860e-01,1.694842753e-01,2.396044883e-01,-3.816750167e-01
2.380952381e+04,1.807857869e-01,2.763878759e-01,1.781023707e-01,2.694377755e-01,1.695259856e-01,2.400234731e-01,-3.860974814e-01
2.272727273e+04,1.810064462e-01,2.769560591e-01,1.782008484e-01,2.697738881e-01,1.695705671e-01,2.404601760e-01,-3.906336667e-01
2.173913043e+04,1.812316371e-01,2.775291334e-01,1.783042508e-01,2.701233469e-01,1.696181244e-01,2.409142384e-01,-3.952836499e-01
2.083333333e+04,1.814613988e-01,2.781069187e-01,1.784126162e-01,2.704858671e-01,1.696687637e-01,2.413852912e-01,-4.000474945e-01
2.000000000e+04,1.816957684e-01,2.786892323e-01,1.785259831e-01,2.708611571e-01,1.697225926e-01,2.418729561e-01,-4.049252521e-01
1.666666667e+04,1.829378916e-01,2.816621859e-01,1.791691639e-01,2.729185223e-01,1.700433994e-01,2.445466471e-01,-4.310238679e-01
1.428571429e+04,1.842995887e-01,2.847199904e-01,1.799428736e-01,2.752483277e-01,1.704602856e-01,2.475747405e-01,-4.599736336e-01
1.250000000e+04,1.857830973e-01,2.878387100e-01,1.808510233e-01,2.778096096e-01,1.709863112e-01,2.509037368e-01,-4.917763179e-01
1.111111111e+04,1.873892676e-01,2.909949198e-01,1.818965260e-01,2.805611222e-01,1.716332004e-01,2.544795980e-01,-5.264374250e-01
1.000000000e+04,1.891176086e-01,2.941663718e-01,1.830810598e-01,2.834627155e-01,1.724107506e-01,2.582495989e-01,-5.639707246e-01
8.000000000e+03,1.939589826e-01,3.020316412e-01,1.866494929e-01,2.911314281e-01,1.749695911e-01,2.682059795e-01,-6.705822754e-01
6.666666667e+03,1.994968953e-01,3.096051072e-01,1.910554111e-01,2.990037789e-01,1.784381060e-01,2.784116394e-01,-7.962666519e-01
5.714285714e+03,2.056523270e-01,3.167065642e-01,1.962292007e-01,3.067121469e-01,1.827900497e-01,2.883893516e-01,-9.428389938e-01
5.000000000e+03,2.123352987e-01,3.232293390e-01,2.020786729e-01,3.140159059e-01,1.879481221e-01,2.978338414e-01,-1.113225184e+00
4.444444444e+03,2.194551789e-01,3.291228322e-01,2.085040707e-01,3.207737668e-01,1.938111021e-01,3.065725796e-01,-1.311656767e+00
4.000000000e+03,2.269264920e-01,3.343756782e-01,2.154077463e-01,3.269149913e-01,2.002724220e-01,3.145246198e-01,-1.543925626e+00
3.636363636e+03,2.346715498e-01,3.390024109e-01,2.226991074e-01,3.324160969e-01,2.072301497e-01,3.216678265e-01,-1.817775846e+00
3.333333333e+03,2.426212521e-01,3.430338363e-01,2.302965145e-01,3.372840793e-01,2.145911542e-01,3.280161368e-01,-2.143523194e+00
3.076923077e+03,2.507149786e-01,3.465103645e-01,2.381275793e-01,3.415449833e-01,2.222721645e-01,3.336049035e-01,-2.535031822e+00
2.857142857e+03,2.589000874e-01,3.494774552e-01,2.461287630e-01,3.452362707e-01,2.301994926e-01,3.384817333e-01,-3.011263647e+00
2.666666667e+03,2.671312680e-01,3.519825140e-01,2.542447272e-01,3.484017141e-01,2.383083303e-01,3.427007457e-01,-3.598788238e+00
2.500000000e+03,2.753698523e-01,3.540727829e-01,2.624276276e-01,3.510879460e-01,2.465419913e-01,3.463188821e-01,-4.335990504e+00
2.352941176e+03,2.835831275e-01,3.557939234e-01,2.706364129e-01,3.533421067e-01,2.548512038e-01,3.493934494e-01,-5.280457810e+00
2.222222222e+03,2.917436695e-01,3.571890972e-01,2.788361456e-01,3.552102451e-01,2.631934577e-01,3.519804436e-01,-6.522732949e+00
2.105263158e+03,2.998287053e-01,3.582984088e-01,2.869973470e-01,3.567362555e-01,2.715323836e-01,3.541334034e-01,-8.213891907e+00
2.000000000e+03,3.078195148e-01,3.591586131e-01,2.950953703e-01,3.579612057e-01,2.798371507e-01,3.559026484e-01,-1.062641206e+01
1.904761905e+03,3.157008778e-01,3.598030171e-01,3.031098052e-01,3.589229543e-01,2.880818758e-01,3.573348107e-01,-1.430701488e+01
1.818181818e+03,3.234605703e-01,3.602615190e-01,3.110239231e-01,3.596559814e-01,2.962450516e-01,3.584725950e-01,-2.053819292e+01
1.739130435e+03,3.310889143e-01,3.605607425e-01,3.188241659e-01,3.601913755e-01,3.043089992e-01,3.593547127e-01,-3.320476915e+01
1.666666667e+03,3.385783796e-01,3.607242330e-01,3.264996843e-01,3.605569277e-01,3.122593561e-01,3.600159487e-01,-7.219554687e+01
1.600000000e+03,3.459232370e-01,3.607726895e-01,3.340419259e-01,3.607773017e-01,3.200846052e-01,3.604873212e-01,2.576037671e+03
1.379310345e+03,3.737895081e-01,3.601445612e-01,3.627685228e-01,3.606033967e-01,3.499813331e-01,3.609761844e-01,2.401946870e+01
1.212121212e+03,3.991835348e-01,3.587589075e-01,3.890683941e-01,3.594238112e-01,3.774465083e-01,3.601025055e-01,1.521293968e+01
1.081081081e+03,4.221511053e-01,3.570761206e-01,4.129346844e-01,3.578114635e-01,4.024273984e-01,3.586045179e-01,1.253350026e+01
1.000000000e+03,4.378549811e-01,3.557690310e-01,4.292912487e-01,3.565083429e-01,4.195747917e-01,3.573190268e-01,1.158338294e+01
8.333333333e+02,4.738846569e-01,3.524799079e-01,4.669271040e-01,3.531412849e-01,4.591088767e-01,3.538764983e-01,1.051979792e+01
7.142857143e+02,5.024590891e-01,3.497140610e-01,4.968838361e-01,3.502611902e-01,4.906588236e-01,3.508697626e-01,1.019001138e+01
6.250000000e+02,5.248468730e-01,3.475028743e-01,5.204365553e-01,3.479406652e-01,5.155303502e-01,3.484269822e-01,1.007402702e+01
5.555555556e+02,5.421380737e-01,3.457822990e-01,5.387080896e-01,3.461242650e-01,5.348942232e-01,3.465042878e-01,1.003018942e+01
5.000000000e+02,5.551981057e-01,3.444789826e-01,5.526052195e-01,3.447379403e-01,5.497096995e-01,3.450270554e-01,1.001278067e+01
4.545454545e+02,5.646846409e-01,3.435311721e-01,5.628217555e-01,3.437173558e-01,5.607164252e-01,3.439277499e-01,1.000562995e+01
