,H,V,C,h,a,b
0,2.5R,9.0,2.0,153.0,-1.78201,0.90798
1,2.5R,8.0,2.0,153.0,-1.78201,0.90798
2,2.5R,7.0,2.0,153.0,-1.78201,0.90798
3,2.5R,6.0,2.0,153.0,-1.78201,0.90798
4,2.5R,5.0,2.0,153.0,-1.78201,0.90798
5,2.5R,4.0,2.0,153.0,-1.78201,0.90798
6,2.5R,3.0,2.0,153.0,-1.78201,0.90798
7,2.5R,2.5,2.0,153.0,-1.78201,0.90798
8,2.5R,8.0,4.0,153.0,-3.56403,1.81596
9,2.5R,7.0,4.0,153.0,-3.56403,1.81596
10,2.5R,6.0,4.0,153.0,-3.56403,1.81596
11,2.5R,5.0,4.0,153.0,-3.56403,1.81596
12,2.5R,4.0,4.0,153.0,-3.56403,1.81596
13,2.5R,3.0,4.0,153.0,-3.56403,1.81596
14,2.5R,7.0,6.0,153.0,-5.34604,2.72394
15,2.5R,6.0,6.0,153.0,-5.34604,2.72394
16,2.5R,5.0,6.0,153.0,-5.34604,2.72394
17,2.5R,4.0,6.0,153.0,-5.34604,2.72394
18,2.5R,3.0,6.0,153.0,-5.34604,2.72394
19,2.5R,7.0,8.0,153.0,-7.12805,3.63192
20,2.5R,6.0,8.0,153.0,-7.12805,3.63192
21,2.5R,5.0,8.0,153.0,-7.12805,3.63192
22,2.5R,4.0,8.0,153.0,-7.12805,3.63192
23,2.5R,7.0,10.0,153.0,-8.91007,4.5399
24,2.5R,6.0,10.0,153.0,-8.91007,4.5399
25,2.5R,5.0,10.0,153.0,-8.91007,4.5399
26,2.5R,4.0,10.0,153.0,-8.91007,4.5399
27,2.5R,6.0,12.0,153.0,-10.69208,5.44789
28,2.5R,5.0,12.0,153.0,-10.69208,5.44789
29,2.5R,4.0,12.0,153.0,-10.69208,5.44789
30,5R,9.0,1.0,162.0,-0.95106,0.30902
31,5R,8.0,1.0,162.0,-0.95106,0.30902
32,5R,7.0,1.0,162.0,-0.95106,0.30902
33,5R,6.0,1.0,162.0,-0.95106,0.30902
34,5R,5.0,1.0,162.0,-0.95106,0.30902
35,5R,4.0,1.0,162.0,-0.95106,0.30902
36,5R,3.0,1.0,162.0,-0.95106,0.30902
37,5R,2.5,1.0,162.0,-0.95106,0.30902
38,5R,9.0,2.0,162.0,-1.90211,0.61803
39,5R,8.0,2.0,162.0,-1.90211,0.61803
40,5R,7.0,2.0,162.0,-1.90211,0.61803
41,5R,6.0,2.0,162.0,-1.90211,0.61803
42,5R,5.0,2.0,162.0,-1.90211,0.61803
43,5R,4.0,2.0,162.0,-1.90211,0.61803
44,5R,3.0,2.0,162.0,-1.90211,0.61803
45,5R,2.5,2.0,162.0,-1.90211,0.61803
46,5R,8.0,4.0,162.0,-3.80423,1.23607
47,5R,7.0,4.0,162.0,-3.80423,1.23607
48,5R,6.0,4.0,162.0,-3.80423,1.23607
49,5R,5.0,4.0,162.0,-3.80423,1.23607
50,5R,4.0,4.0,162.0,-3.80423,1.23607
51,5R,3.0,4.0,162.0,-3.80423,1.23607
52,5R,7.0,6.0,162.0,-5.70634,1.8541
53,5R,6.0,6.0,162.0,-5.70634,1.8541
54,5R,5.0,6.0,162.0,-5.70634,1.8541
55,5R,4.0,6.0,162.0,-5.70634,1.8541
56,5R,3.0,6.0,162.0,-5.70634,1.8541
57,5R,7.0,8.0,162.0,-7.60845,2.47214
58,5R,6.0,8.0,162.0,-7.60845,2.47214
59,5R,5.0,8.0,162.0,-7.60845,2.47214
60,5R,4.0,8.0,162.0,-7.60845,2.47214
61,5R,7.0,10.0,162.0,-9.51057,3.09017
62,5R,6.0,10.0,162.0,-9.51057,3.09017
63,5R,5.0,10.0,162.0,-9.51057,3.09017
64,5R,4.0,10.0,162.0,-9.51057,3.09017
65,5R,6.0,12.0,162.0,-11.41268,3.7082
66,5R,5.0,12.0,162.0,-11.41268,3.7082
67,5R,4.0,12.0,162.0,-11.41268,3.7082
68,5R,6.0,14.0,162.0,-13.31479,4.32624
69,5R,5.0,14.0,162.0,-13.31479,4.32624
70,5R,4.0,14.0,162.0,-13.31479,4.32624
71,7.5R,9.0,2.0,171.0,-1.97538,0.31287
72,7.5R,8.0,2.0,171.0,-1.97538,0.31287
73,7.5R,7.0,2.0,171.0,-1.97538,0.31287
74,7.5R,6.0,2.0,171.0,-1.97538,0.31287
75,7.5R,5.0,2.0,171.0,-1.97538,0.31287
76,7.5R,4.0,2.0,171.0,-1.97538,0.31287
77,7.5R,3.0,2.0,171.0,-1.97538,0.31287
78,7.5R,2.5,2.0,171.0,-1.97538,0.31287
79,7.5R,8.0,4.0,171.0,-3.95075,0.62574
80,7.5R,7.0,4.0,171.0,-3.95075,0.62574
81,7.5R,6.0,4.0,171.0,-3.95075,0.62574
82,7.5R,5.0,4.0,171.0,-3.95075,0.62574
83,7.5R,4.0,4.0,171.0,-3.95075,0.62574
84,7.5R,3.0,4.0,171.0,-3.95075,0.62574
85,7.5R,7.0,6.0,171.0,-5.92613,0.93861
86,7.5R,6.0,6.0,171.0,-5.92613,0.93861
87,7.5R,5.0,6.0,171.0,-5.92613,0.93861
88,7.5R,4.0,6.0,171.0,-5.92613,0.93861
89,7.5R,3.0,6.0,171.0,-5.92613,0.93861
90,7.5R,7.0,8.0,171.0,-7.90151,1.25148
91,7.5R,6.0,8.0,171.0,-7.90151,1.25148
92,7.5R,5.0,8.0,171.0,-7.90151,1.25148
93,7.5R,4.0,8.0,171.0,-7.90151,1.25148
94,7.5R,7.0,10.0,171.0,-9.87688,1.56434
95,7.5R,6.0,10.0,171.0,-9.87688,1.56434
96,7.5R,5.0,10.0,171.0,-9.87688,1.56434
97,7.5R,4.0,10.0,171.0,-9.87688,1.56434
98,7.5R,6.0,12.0,171.0,-11.85226,1.87721
99,7.5R,5.0,12.0,171.0,-11.85226,1.87721
100,7.5R,4.0,12.0,171.0,-11.85226,1.87721
101,10R,9.0,1.0,180.0,-1.0,0.0
102,10R,8.0,1.0,180.0,-1.0,0.0
103,10R,7.0,1.0,180.0,-1.0,0.0
104,10R,6.0,1.0,180.0,-1.0,0.0
105,10R,5.0,1.0,180.0,-1.0,0.0
106,10R,4.0,1.0,180.0,-1.0,0.0
107,10R,3.0,1.0,180.0,-1.0,0.0
108,10R,2.5,1.0,180.0,-1.0,0.0
109,10R,9.0,2.0,180.0,-2.0,0.0
110,10R,8.0,2.0,180.0,-2.0,0.0
111,10R,7.0,2.0,180.0,-2.0,0.0
112,10R,6.0,2.0,180.0,-2.0,0.0
113,10R,5.0,2.0,180.0,-2.0,0.0
114,10R,4.0,2.0,180.0,-2.0,0.0
115,10R,3.0,2.0,180.0,-2.0,0.0
116,10R,2.5,2.0,180.0,-2.0,0.0
117,10R,8.0,4.0,180.0,-4.0,0.0
118,10R,7.0,4.0,180.0,-4.0,0.0
119,10R,6.0,4.0,180.0,-4.0,0.0
120,10R,5.0,4.0,180.0,-4.0,0.0
121,10R,4.0,4.0,180.0,-4.0,0.0
122,10R,3.0,4.0,180.0,-4.0,0.0
123,10R,8.0,6.0,180.0,-6.0,0.0
124,10R,7.0,6.0,180.0,-6.0,0.0
125,10R,6.0,6.0,180.0,-6.0,0.0
126,10R,5.0,6.0,180.0,-6.0,0.0
127,10R,4.0,6.0,180.0,-6.0,0.0
128,10R,8.0,8.0,180.0,-8.0,0.0
129,10R,7.0,8.0,180.0,-8.0,0.0
130,10R,6.0,8.0,180.0,-8.0,0.0
131,10R,5.0,8.0,180.0,-8.0,0.0
132,10R,4.0,8.0,180.0,-8.0,0.0
133,10R,7.0,10.0,180.0,-10.0,0.0
134,10R,6.0,10.0,180.0,-10.0,0.0
135,10R,5.0,10.0,180.0,-10.0,0.0
136,10R,7.0,12.0,180.0,-12.0,0.0
137,10R,6.0,12.0,180.0,-12.0,0.0
138,10R,5.0,12.0,180.0,-12.0,0.0
139,2.5YR,9.0,2.0,117.0,-0.90798,1.78201
140,2.5YR,8.0,2.0,117.0,-0.90798,1.78201
141,2.5YR,7.0,2.0,117.0,-0.90798,1.78201
142,2.5YR,6.0,2.0,117.0,-0.90798,1.78201
143,2.5YR,5.0,2.0,117.0,-0.90798,1.78201
144,2.5YR,4.0,2.0,117.0,-0.90798,1.78201
145,2.5YR,3.0,2.0,117.0,-0.90798,1.78201
146,2.5YR,2.5,2.0,117.0,-0.90798,1.78201
147,2.5YR,8.0,4.0,117.0,-1.81596,3.56403
148,2.5YR,7.0,4.0,117.0,-1.81596,3.56403
149,2.5YR,6.0,4.0,117.0,-1.81596,3.56403
150,2.5YR,5.0,4.0,117.0,-1.81596,3.56403
151,2.5YR,4.0,4.0,117.0,-1.81596,3.56403
152,2.5YR,8.0,6.0,117.0,-2.72394,5.34604
153,2.5YR,7.0,6.0,117.0,-2.72394,5.34604
154,2.5YR,6.0,6.0,117.0,-2.72394,5.34604
155,2.5YR,5.0,6.0,117.0,-2.72394,5.34604
156,2.5YR,4.0,6.0,117.0,-2.72394,5.34604
157,2.5YR,8.0,8.0,117.0,-3.63192,7.12805
158,2.5YR,7.0,8.0,117.0,-3.63192,7.12805
159,2.5YR,6.0,8.0,117.0,-3.63192,7.12805
160,2.5YR,5.0,8.0,117.0,-3.63192,7.12805
161,2.5YR,4.0,8.0,117.0,-3.63192,7.12805
162,2.5YR,7.0,10.0,117.0,-4.5399,8.91007
163,2.5YR,6.0,10.0,117.0,-4.5399,8.91007
164,2.5YR,5.0,10.0,117.0,-4.5399,8.91007
165,2.5YR,7.0,12.0,117.0,-5.44789,10.69208
166,2.5YR,6.0,12.0,117.0,-5.44789,10.69208
167,2.5YR,6.0,14.0,117.0,-6.35587,12.47409
168,5YR,9.0,1.0,126.0,-0.58779,0.80902
169,5YR,8.0,1.0,126.0,-0.58779,0.80902
170,5YR,7.0,1.0,126.0,-0.58779,0.80902
171,5YR,6.0,1.0,126.0,-0.58779,0.80902
172,5YR,5.0,1.0,126.0,-0.58779,0.80902
173,5YR,4.0,1.0,126.0,-0.58779,0.80902
174,5YR,3.0,1.0,126.0,-0.58779,0.80902
175,5YR,2.5,1.0,126.0,-0.58779,0.80902
176,5YR,9.0,2.0,126.0,-1.17557,1.61803
177,5YR,8.0,2.0,126.0,-1.17557,1.61803
178,5YR,7.0,2.0,126.0,-1.17557,1.61803
179,5YR,6.0,2.0,126.0,-1.17557,1.61803
180,5YR,5.0,2.0,126.0,-1.17557,1.61803
181,5YR,4.0,2.0,126.0,-1.17557,1.61803
182,5YR,3.0,2.0,126.0,-1.17557,1.61803
183,5YR,9.0,4.0,126.0,-2.35114,3.23607
184,5YR,8.0,4.0,126.0,-2.35114,3.23607
185,5YR,7.0,4.0,126.0,-2.35114,3.23607
186,5YR,6.0,4.0,126.0,-2.35114,3.23607
187,5YR,5.0,4.0,126.0,-2.35114,3.23607
188,5YR,4.0,4.0,126.0,-2.35114,3.23607
189,5YR,8.0,6.0,126.0,-3.52671,4.8541
190,5YR,7.0,6.0,126.0,-3.52671,4.8541
191,5YR,6.0,6.0,126.0,-3.52671,4.8541
192,5YR,5.0,6.0,126.0,-3.52671,4.8541
193,5YR,4.0,6.0,126.0,-3.52671,4.8541
194,5YR,8.0,8.0,126.0,-4.70228,6.47214
195,5YR,7.0,8.0,126.0,-4.70228,6.47214
196,5YR,6.0,8.0,126.0,-4.70228,6.47214
197,5YR,5.0,8.0,126.0,-4.70228,6.47214
198,5YR,7.0,10.0,126.0,-5.87785,8.09017
199,5YR,6.0,10.0,126.0,-5.87785,8.09017
200,5YR,7.0,12.0,126.0,-7.05342,9.7082
201,5YR,6.0,12.0,126.0,-7.05342,9.7082
202,7.5YR,9.0,2.0,135.0,-1.41421,1.41421
203,7.5YR,8.0,2.0,135.0,-1.41421,1.41421
204,7.5YR,7.0,2.0,135.0,-1.41421,1.41421
205,7.5YR,6.0,2.0,135.0,-1.41421,1.41421
206,7.5YR,5.0,2.0,135.0,-1.41421,1.41421
207,7.5YR,4.0,2.0,135.0,-1.41421,1.41421
208,7.5YR,3.0,2.0,135.0,-1.41421,1.41421
209,7.5YR,9.0,4.0,135.0,-2.82843,2.82843
210,7.5YR,8.0,4.0,135.0,-2.82843,2.82843
211,7.5YR,7.0,4.0,135.0,-2.82843,2.82843
212,7.5YR,6.0,4.0,135.0,-2.82843,2.82843
213,7.5YR,5.0,4.0,135.0,-2.82843,2.82843
214,7.5YR,4.0,4.0,135.0,-2.82843,2.82843
215,7.5YR,8.0,6.0,135.0,-4.24264,4.24264
216,7.5YR,7.0,6.0,135.0,-4.24264,4.24264
217,7.5YR,6.0,6.0,135.0,-4.24264,4.24264
218,7.5YR,5.0,6.0,135.0,-4.24264,4.24264
219,7.5YR,4.0,6.0,135.0,-4.24264,4.24264
220,7.5YR,8.0,8.0,135.0,-5.65685,5.65685
221,7.5YR,7.0,8.0,135.0,-5.65685,5.65685
222,7.5YR,6.0,8.0,135.0,-5.65685,5.65685
223,7.5YR,5.0,8.0,135.0,-5.65685,5.65685
224,7.5YR,8.0,10.0,135.0,-7.07107,7.07107
225,7.5YR,7.0,10.0,135.0,-7.07107,7.07107
226,7.5YR,6.0,10.0,135.0,-7.07107,7.07107
227,7.5YR,7.0,12.0,135.0,-8.48528,8.48528
228,10YR,9.0,1.0,144.0,-0.80902,0.58779
229,10YR,8.0,1.0,144.0,-0.80902,0.58779
230,10YR,7.0,1.0,144.0,-0.80902,0.58779
231,10YR,6.0,1.0,144.0,-0.80902,0.58779
232,10YR,5.0,1.0,144.0,-0.80902,0.58779
233,10YR,4.0,1.0,144.0,-0.80902,0.58779
234,10YR,3.0,1.0,144.0,-0.80902,0.58779
235,10YR,2.5,1.0,144.0,-0.80902,0.58779
236,10YR,9.0,2.0,144.0,-1.61803,1.17557
237,10YR,8.0,2.0,144.0,-1.61803,1.17557
238,10YR,7.0,2.0,144.0,-1.61803,1.17557
239,10YR,6.0,2.0,144.0,-1.61803,1.17557
240,10YR,5.0,2.0,144.0,-1.61803,1.17557
241,10YR,4.0,2.0,144.0,-1.61803,1.17557
242,10YR,3.0,2.0,144.0,-1.61803,1.17557
243,10YR,9.0,4.0,144.0,-3.23607,2.35114
244,10YR,8.0,4.0,144.0,-3.23607,2.35114
245,10YR,7.0,4.0,144.0,-3.23607,2.35114
246,10YR,6.0,4.0,144.0,-3.23607,2.35114
247,10YR,5.0,4.0,144.0,-3.23607,2.35114
248,10YR,4.0,4.0,144.0,-3.23607,2.35114
249,10YR,8.0,6.0,144.0,-4.8541,3.52671
250,10YR,7.0,6.0,144.0,-4.8541,3.52671
251,10YR,6.0,6.0,144.0,-4.8541,3.52671
252,10YR,5.0,6.0,144.0,-4.8541,3.52671
253,10YR,8.0,8.0,144.0,-6.47214,4.70228
254,10YR,7.0,8.0,144.0,-6.47214,4.70228
255,10YR,6.0,8.0,144.0,-6.47214,4.70228
256,10YR,5.0,8.0,144.0,-6.47214,4.70228
257,10YR,8.0,10.0,144.0,-8.09017,5.87785
258,10YR,7.0,10.0,144.0,-8.09017,5.87785
259,10YR,6.0,10.0,144.0,-8.09017,5.87785
260,10YR,7.0,12.0,144.0,-9.7082,7.05342
261,2.5Y,9.0,2.0,81.0,0.31287,1.97538
262,2.5Y,8.5,2.0,81.0,0.31287,1.97538
263,2.5Y,8.0,2.0,81.0,0.31287,1.97538
264,2.5Y,7.0,2.0,81.0,0.31287,1.97538
265,2.5Y,6.0,2.0,81.0,0.31287,1.97538
266,2.5Y,5.0,2.0,81.0,0.31287,1.97538
267,2.5Y,4.0,2.0,81.0,0.31287,1.97538
268,2.5Y,3.0,2.0,81.0,0.31287,1.97538
269,2.5Y,9.0,4.0,81.0,0.62574,3.95075
270,2.5Y,8.5,4.0,81.0,0.62574,3.95075
271,2.5Y,8.0,4.0,81.0,0.62574,3.95075
272,2.5Y,7.0,4.0,81.0,0.62574,3.95075
273,2.5Y,6.0,4.0,81.0,0.62574,3.95075
274,2.5Y,5.0,4.0,81.0,0.62574,3.95075
275,2.5Y,4.0,4.0,81.0,0.62574,3.95075
276,2.5Y,9.0,6.0,81.0,0.93861,5.92613
277,2.5Y,8.5,6.0,81.0,0.93861,5.92613
278,2.5Y,8.0,6.0,81.0,0.93861,5.92613
279,2.5Y,7.0,6.0,81.0,0.93861,5.92613
280,2.5Y,6.0,6.0,81.0,0.93861,5.92613
281,2.5Y,5.0,6.0,81.0,0.93861,5.92613
282,2.5Y,8.5,8.0,81.0,1.25148,7.90151
283,2.5Y,8.0,8.0,81.0,1.25148,7.90151
284,2.5Y,7.0,8.0,81.0,1.25148,7.90151
285,2.5Y,6.0,8.0,81.0,1.25148,7.90151
286,2.5Y,8.5,10.0,81.0,1.56434,9.87688
287,2.5Y,8.0,10.0,81.0,1.56434,9.87688
288,2.5Y,7.0,10.0,81.0,1.56434,9.87688
289,2.5Y,8.0,12.0,81.0,1.87721,11.85226
290,2.5Y,7.0,12.0,81.0,1.87721,11.85226
291,5Y,9.0,1.0,90.0,0.0,1.0
292,5Y,8.5,1.0,90.0,0.0,1.0
293,5Y,8.0,1.0,90.0,0.0,1.0
294,5Y,7.0,1.0,90.0,0.0,1.0
295,5Y,6.0,1.0,90.0,0.0,1.0
296,5Y,5.0,1.0,90.0,0.0,1.0
297,5Y,4.0,1.0,90.0,0.0,1.0
298,5Y,3.0,1.0,90.0,0.0,1.0
299,5Y,2.5,1.0,90.0,0.0,1.0
300,5Y,9.0,2.0,90.0,0.0,2.0
301,5Y,8.5,2.0,90.0,0.0,2.0
302,5Y,8.0,2.0,90.0,0.0,2.0
303,5Y,7.0,2.0,90.0,0.0,2.0
304,5Y,6.0,2.0,90.0,0.0,2.0
305,5Y,5.0,2.0,90.0,0.0,2.0
306,5Y,4.0,2.0,90.0,0.0,2.0
307,5Y,3.0,2.0,90.0,0.0,2.0
308,5Y,9.0,4.0,90.0,0.0,4.0
309,5Y,8.5,4.0,90.0,0.0,4.0
310,5Y,8.0,4.0,90.0,0.0,4.0
311,5Y,7.0,4.0,90.0,0.0,4.0
312,5Y,6.0,4.0,90.0,0.0,4.0
313,5Y,5.0,4.0,90.0,0.0,4.0
314,5Y,4.0,4.0,90.0,0.0,4.0
315,5Y,9.0,6.0,90.0,0.0,6.0
316,5Y,8.5,6.0,90.0,0.0,6.0
317,5Y,8.0,6.0,90.0,0.0,6.0
318,5Y,7.0,6.0,90.0,0.0,6.0
319,5Y,6.0,6.0,90.0,0.0,6.0
320,5Y,5.0,6.0,90.0,0.0,6.0
321,5Y,9.0,8.0,90.0,0.0,8.0
322,5Y,8.5,8.0,90.0,0.0,8.0
323,5Y,8.0,8.0,90.0,0.0,8.0
324,5Y,7.0,8.0,90.0,0.0,8.0
325,5Y,6.0,8.0,90.0,0.0,8.0
326,5Y,8.5,10.0,90.0,0.0,10.0
327,5Y,8.0,10.0,90.0,0.0,10.0
328,5Y,7.0,10.0,90.0,0.0,10.0
329,5Y,8.5,12.0,90.0,0.0,12.0
330,5Y,8.0,12.0,90.0,0.0,12.0
331,5Y,7.0,12.0,90.0,0.0,12.0
332,7.5Y,9.0,2.0,99.0,-0.31287,1.97538
333,7.5Y,8.5,2.0,99.0,-0.31287,1.97538
334,7.5Y,8.0,2.0,99.0,-0.31287,1.97538
335,7.5Y,7.0,2.0,99.0,-0.31287,1.97538
336,7.5Y,6.0,2.0,99.0,-0.31287,1.97538
337,7.5Y,5.0,2.0,99.0,-0.31287,1.97538
338,7.5Y,4.0,2.0,99.0,-0.31287,1.97538
339,7.5Y,3.0,2.0,99.0,-0.31287,1.97538
340,7.5Y,9.0,4.0,99.0,-0.62574,3.95075
341,7.5Y,8.5,4.0,99.0,-0.62574,3.95075
342,7.5Y,8.0,4.0,99.0,-0.62574,3.95075
343,7.5Y,7.0,4.0,99.0,-0.62574,3.95075
344,7.5Y,6.0,4.0,99.0,-0.62574,3.95075
345,7.5Y,5.0,4.0,99.0,-0.62574,3.95075
346,7.5Y,4.0,4.0,99.0,-0.62574,3.95075
347,7.5Y,9.0,6.0,99.0,-0.93861,5.92613
348,7.5Y,8.5,6.0,99.0,-0.93861,5.92613
349,7.5Y,8.0,6.0,99.0,-0.93861,5.92613
350,7.5Y,7.0,6.0,99.0,-0.93861,5.92613
351,7.5Y,6.0,6.0,99.0,-0.93861,5.92613
352,7.5Y,5.0,6.0,99.0,-0.93861,5.92613
353,7.5Y,9.0,8.0,99.0,-1.25148,7.90151
354,7.5Y,8.5,8.0,99.0,-1.25148,7.90151
355,7.5Y,8.0,8.0,99.0,-1.25148,7.90151
356,7.5Y,7.0,8.0,99.0,-1.25148,7.90151
357,7.5Y,6.0,8.0,99.0,-1.25148,7.90151
358,7.5Y,9.0,10.0,99.0,-1.56434,9.87688
359,7.5Y,8.5,10.0,99.0,-1.56434,9.87688
360,7.5Y,8.0,10.0,99.0,-1.56434,9.87688
361,7.5Y,7.0,10.0,99.0,-1.56434,9.87688
362,7.5Y,8.5,12.0,99.0,-1.87721,11.85226
363,7.5Y,8.0,12.0,99.0,-1.87721,11.85226
364,10Y,9.0,1.0,108.0,-0.30902,0.95106
365,10Y,8.5,1.0,108.0,-0.30902,0.95106
366,10Y,8.0,1.0,108.0,-0.30902,0.95106
367,10Y,7.0,1.0,108.0,-0.30902,0.95106
368,10Y,6.0,1.0,108.0,-0.30902,0.95106
369,10Y,5.0,1.0,108.0,-0.30902,0.95106
370,10Y,4.0,1.0,108.0,-0.30902,0.95106
371,10Y,3.0,1.0,108.0,-0.30902,0.95106
372,10Y,2.5,1.0,108.0,-0.30902,0.95106
373,10Y,9.0,2.0,108.0,-0.61803,1.90211
374,10Y,8.5,2.0,108.0,-0.61803,1.90211
375,10Y,8.0,2.0,108.0,-0.61803,1.90211
376,10Y,7.0,2.0,108.0,-0.61803,1.90211
377,10Y,6.0,2.0,108.0,-0.61803,1.90211
378,10Y,5.0,2.0,108.0,-0.61803,1.90211
379,10Y,4.0,2.0,108.0,-0.61803,1.90211
380,10Y,3.0,2.0,108.0,-0.61803,1.90211
381,10Y,9.0,4.0,108.0,-1.23607,3.80423
382,10Y,8.5,4.0,108.0,-1.23607,3.80423
383,10Y,8.0,4.0,108.0,-1.23607,3.80423
384,10Y,7.0,4.0,108.0,-1.23607,3.80423
385,10Y,6.0,4.0,108.0,-1.23607,3.80423
386,10Y,5.0,4.0,108.0,-1.23607,3.80423
387,10Y,4.0,4.0,108.0,-1.23607,3.80423
388,10Y,9.0,6.0,108.0,-1.8541,5.70634
389,10Y,8.5,6.0,108.0,-1.8541,5.70634
390,10Y,8.0,6.0,108.0,-1.8541,5.70634
391,10Y,7.0,6.0,108.0,-1.8541,5.70634
392,10Y,6.0,6.0,108.0,-1.8541,5.70634
393,10Y,5.0,6.0,108.0,-1.8541,5.70634
394,10Y,9.0,8.0,108.0,-2.47214,7.60845
395,10Y,8.5,8.0,108.0,-2.47214,7.60845
396,10Y,8.0,8.0,108.0,-2.47214,7.60845
397,10Y,7.0,8.0,108.0,-2.47214,7.60845
398,10Y,6.0,8.0,108.0,-2.47214,7.60845
399,10Y,9.0,10.0,108.0,-3.09017,9.51057
400,10Y,8.5,10.0,108.0,-3.09017,9.51057
401,10Y,8.0,10.0,108.0,-3.09017,9.51057
402,10Y,7.0,10.0,108.0,-3.09017,9.51057
403,10Y,8.0,12.0,108.0,-3.7082,11.41268
404,2.5GY,9.0,2.0,45.0,1.41421,1.41421
405,2.5GY,8.5,2.0,45.0,1.41421,1.41421
406,2.5GY,8.0,2.0,45.0,1.41421,1.41421
407,2.5GY,7.0,2.0,45.0,1.41421,1.41421
408,2.5GY,6.0,2.0,45.0,1.41421,1.41421
409,2.5GY,5.0,2.0,45.0,1.41421,1.41421
410,2.5GY,4.0,2.0,45.0,1.41421,1.41421
411,2.5GY,3.0,2.0,45.0,1.41421,1.41421
412,2.5GY,9.0,4.0,45.0,2.82843,2.82843
413,2.5GY,8.5,4.0,45.0,2.82843,2.82843
414,2.5GY,8.0,4.0,45.0,2.82843,2.82843
415,2.5GY,7.0,4.0,45.0,2.82843,2.82843
416,2.5GY,6.0,4.0,45.0,2.82843,2.82843
417,2.5GY,5.0,4.0,45.0,2.82843,2.82843
418,2.5GY,4.0,4.0,45.0,2.82843,2.82843
419,2.5GY,9.0,6.0,45.0,4.24264,4.24264
420,2.5GY,8.5,6.0,45.0,4.24264,4.24264
421,2.5GY,8.0,6.0,45.0,4.24264,4.24264
422,2.5GY,7.0,6.0,45.0,4.24264,4.24264
423,2.5GY,6.0,6.0,45.0,4.24264,4.24264
424,2.5GY,5.0,6.0,45.0,4.24264,4.24264
425,2.5GY,9.0,8.0,45.0,5.65685,5.65685
426,2.5GY,8.5,8.0,45.0,5.65685,5.65685
427,2.5GY,8.0,8.0,45.0,5.65685,5.65685
428,2.5GY,7.0,8.0,45.0,5.65685,5.65685
429,2.5GY,6.0,8.0,45.0,5.65685,5.65685
430,2.5GY,8.5,10.0,45.0,7.07107,7.07107
431,2.5GY,8.0,10.0,45.0,7.07107,7.07107
432,2.5GY,7.0,10.0,45.0,7.07107,7.07107
433,5GY,9.0,1.0,54.0,0.58779,0.80902
434,5GY,8.5,1.0,54.0,0.58779,0.80902
435,5GY,8.0,1.0,54.0,0.58779,0.80902
436,5GY,7.0,1.0,54.0,0.58779,0.80902
437,5GY,6.0,1.0,54.0,0.58779,0.80902
438,5GY,5.0,1.0,54.0,0.58779,0.80902
439,5GY,4.0,1.0,54.0,0.58779,0.80902
440,5GY,3.0,1.0,54.0,0.58779,0.80902
441,5GY,2.5,1.0,54.0,0.58779,0.80902
442,5GY,9.0,2.0,54.0,1.17557,1.61803
443,5GY,8.5,2.0,54.0,1.17557,1.61803
444,5GY,8.0,2.0,54.0,1.17557,1.61803
445,5GY,7.0,2.0,54.0,1.17557,1.61803
446,5GY,6.0,2.0,54.0,1.17557,1.61803
447,5GY,5.0,2.0,54.0,1.17557,1.61803
448,5GY,4.0,2.0,54.0,1.17557,1.61803
449,5GY,3.0,2.0,54.0,1.17557,1.61803
450,5GY,9.0,4.0,54.0,2.35114,3.23607
451,5GY,8.5,4.0,54.0,2.35114,3.23607
452,5GY,8.0,4.0,54.0,2.35114,3.23607
453,5GY,7.0,4.0,54.0,2.35114,3.23607
454,5GY,6.0,4.0,54.0,2.35114,3.23607
455,5GY,5.0,4.0,54.0,2.35114,3.23607
456,5GY,4.0,4.0,54.0,2.35114,3.23607
457,5GY,9.0,6.0,54.0,3.52671,4.8541
458,5GY,8.5,6.0,54.0,3.52671,4.8541
459,5GY,8.0,6.0,54.0,3.52671,4.8541
460,5GY,7.0,6.0,54.0,3.52671,4.8541
461,5GY,6.0,6.0,54.0,3.52671,4.8541
462,5GY,5.0,6.0,54.0,3.52671,4.8541
463,5GY,8.5,8.0,54.0,4.70228,6.47214
464,5GY,8.0,8.0,54.0,4.70228,6.47214
465,5GY,7.0,8.0,54.0,4.70228,6.47214
466,5GY,6.0,8.0,54.0,4.70228,6.47214
467,5GY,5.0,8.0,54.0,4.70228,6.47214
468,5GY,8.5,10.0,54.0,5.87785,8.09017
469,5GY,8.0,10.0,54.0,5.87785,8.09017
470,7.5GY,9.0,2.0,63.0,0.90798,1.78201
471,7.5GY,8.5,2.0,63.0,0.90798,1.78201
472,7.5GY,8.0,2.0,63.0,0.90798,1.78201
473,7.5GY,7.0,2.0,63.0,0.90798,1.78201
474,7.5GY,6.0,2.0,63.0,0.90798,1.78201
475,7.5GY,5.0,2.0,63.0,0.90798,1.78201
476,7.5GY,4.0,2.0,63.0,0.90798,1.78201
477,7.5GY,3.0,2.0,63.0,0.90798,1.78201
478,7.5GY,9.0,4.0,63.0,1.81596,3.56403
479,7.5GY,8.5,4.0,63.0,1.81596,3.56403
480,7.5GY,8.0,4.0,63.0,1.81596,3.56403
481,7.5GY,7.0,4.0,63.0,1.81596,3.56403
482,7.5GY,6.0,4.0,63.0,1.81596,3.56403
483,7.5GY,5.0,4.0,63.0,1.81596,3.56403
484,7.5GY,4.0,4.0,63.0,1.81596,3.56403
485,7.5GY,8.5,6.0,63.0,2.72394,5.34604
486,7.5GY,8.0,6.0,63.0,2.72394,5.34604
487,7.5GY,7.0,6.0,63.0,2.72394,5.34604
488,7.5GY,6.0,6.0,63.0,2.72394,5.34604
489,7.5GY,5.0,6.0,63.0,2.72394,5.34604
490,7.5GY,8.0,8.0,63.0,3.63192,7.12805
491,7.5GY,7.0,8.0,63.0,3.63192,7.12805
492,7.5GY,6.0,8.0,63.0,3.63192,7.12805
493,7.5GY,5.0,8.0,63.0,3.63192,7.12805
494,7.5GY,7.0,10.0,63.0,4.5399,8.91007
495,7.5GY,6.0,10.0,63.0,4.5399,8.91007
496,10GY,9.0,1.0,72.0,0.30902,0.95106
497,10GY,8.5,1.0,72.0,0.30902,0.95106
498,10GY,8.0,1.0,72.0,0.30902,0.95106
499,10GY,7.0,1.0,72.0,0.30902,0.95106
500,10GY,6.0,1.0,72.0,0.30902,0.95106
501,10GY,5.0,1.0,72.0,0.30902,0.95106
502,10GY,4.0,1.0,72.0,0.30902,0.95106
503,10GY,3.0,1.0,72.0,0.30902,0.95106
504,10GY,2.5,1.0,72.0,0.30902,0.95106
505,10GY,9.0,2.0,72.0,0.61803,1.90211
506,10GY,8.5,2.0,72.0,0.61803,1.90211
507,10GY,8.0,2.0,72.0,0.61803,1.90211
508,10GY,7.0,2.0,72.0,0.61803,1.90211
509,10GY,6.0,2.0,72.0,0.61803,1.90211
510,10GY,5.0,2.0,72.0,0.61803,1.90211
511,10GY,4.0,2.0,72.0,0.61803,1.90211
512,10GY,3.0,2.0,72.0,0.61803,1.90211
513,10GY,2.5,2.0,72.0,0.61803,1.90211
514,10GY,9.0,4.0,72.0,1.23607,3.80423
515,10GY,8.5,4.0,72.0,1.23607,3.80423
516,10GY,8.0,4.0,72.0,1.23607,3.80423
517,10GY,7.0,4.0,72.0,1.23607,3.80423
518,10GY,6.0,4.0,72.0,1.23607,3.80423
519,10GY,5.0,4.0,72.0,1.23607,3.80423
520,10GY,4.0,4.0,72.0,1.23607,3.80423
521,10GY,8.5,6.0,72.0,1.8541,5.70634
522,10GY,8.0,6.0,72.0,1.8541,5.70634
523,10GY,7.0,6.0,72.0,1.8541,5.70634
524,10GY,6.0,6.0,72.0,1.8541,5.70634
525,10GY,5.0,6.0,72.0,1.8541,5.70634
526,10GY,7.0,8.0,72.0,2.47214,7.60845
527,10GY,6.0,8.0,72.0,2.47214,7.60845
528,10GY,5.0,8.0,72.0,2.47214,7.60845
529,10GY,7.0,10.0,72.0,3.09017,9.51057
530,10GY,6.0,10.0,72.0,3.09017,9.51057
531,2.5G,9.0,2.0,9.0,1.97538,0.31287
532,2.5G,8.0,2.0,9.0,1.97538,0.31287
533,2.5G,7.0,2.0,9.0,1.97538,0.31287
534,2.5G,6.0,2.0,9.0,1.97538,0.31287
535,2.5G,5.0,2.0,9.0,1.97538,0.31287
536,2.5G,4.0,2.0,9.0,1.97538,0.31287
537,2.5G,3.0,2.0,9.0,1.97538,0.31287
538,2.5G,2.5,2.0,9.0,1.97538,0.31287
539,2.5G,8.0,4.0,9.0,3.95075,0.62574
540,2.5G,7.0,4.0,9.0,3.95075,0.62574
541,2.5G,6.0,4.0,9.0,3.95075,0.62574
542,2.5G,5.0,4.0,9.0,3.95075,0.62574
543,2.5G,4.0,4.0,9.0,3.95075,0.62574
544,2.5G,3.0,4.0,9.0,3.95075,0.62574
545,2.5G,8.0,6.0,9.0,5.92613,0.93861
546,2.5G,7.0,6.0,9.0,5.92613,0.93861
547,2.5G,6.0,6.0,9.0,5.92613,0.93861
548,2.5G,5.0,6.0,9.0,5.92613,0.93861
549,2.5G,4.0,6.0,9.0,5.92613,0.93861
550,2.5G,7.0,8.0,9.0,7.90151,1.25148
551,2.5G,6.0,8.0,9.0,7.90151,1.25148
552,2.5G,5.0,8.0,9.0,7.90151,1.25148
553,2.5G,7.0,10.0,9.0,9.87688,1.56434
554,2.5G,6.0,10.0,9.0,9.87688,1.56434
555,2.5G,5.0,10.0,9.0,9.87688,1.56434
556,2.5G,6.0,12.0,9.0,11.85226,1.87721
557,5G,9.0,1.0,18.0,0.95106,0.30902
558,5G,8.0,1.0,18.0,0.95106,0.30902
559,5G,7.0,1.0,18.0,0.95106,0.30902
560,5G,6.0,1.0,18.0,0.95106,0.30902
561,5G,5.0,1.0,18.0,0.95106,0.30902
562,5G,4.0,1.0,18.0,0.95106,0.30902
563,5G,3.0,1.0,18.0,0.95106,0.30902
564,5G,2.5,1.0,18.0,0.95106,0.30902
565,5G,9.0,2.0,18.0,1.90211,0.61803
566,5G,8.0,2.0,18.0,1.90211,0.61803
567,5G,7.0,2.0,18.0,1.90211,0.61803
568,5G,6.0,2.0,18.0,1.90211,0.61803
569,5G,5.0,2.0,18.0,1.90211,0.61803
570,5G,4.0,2.0,18.0,1.90211,0.61803
571,5G,3.0,2.0,18.0,1.90211,0.61803
572,5G,2.5,2.0,18.0,1.90211,0.61803
573,5G,8.0,4.0,18.0,3.80423,1.23607
574,5G,7.0,4.0,18.0,3.80423,1.23607
575,5G,6.0,4.0,18.0,3.80423,1.23607
576,5G,5.0,4.0,18.0,3.80423,1.23607
577,5G,4.0,4.0,18.0,3.80423,1.23607
578,5G,3.0,4.0,18.0,3.80423,1.23607
579,5G,8.0,6.0,18.0,5.70634,1.8541
580,5G,7.0,6.0,18.0,5.70634,1.8541
581,5G,6.0,6.0,18.0,5.70634,1.8541
582,5G,5.0,6.0,18.0,5.70634,1.8541
583,5G,4.0,6.0,18.0,5.70634,1.8541
584,5G,7.0,8.0,18.0,7.60845,2.47214
585,5G,6.0,8.0,18.0,7.60845,2.47214
586,5G,5.0,8.0,18.0,7.60845,2.47214
587,5G,4.0,8.0,18.0,7.60845,2.47214
588,5G,7.0,10.0,18.0,9.51057,3.09017
589,5G,6.0,10.0,18.0,9.51057,3.09017
590,7.5G,9.0,2.0,27.0,1.78201,0.90798
591,7.5G,8.0,2.0,27.0,1.78201,0.90798
592,7.5G,7.0,2.0,27.0,1.78201,0.90798
593,7.5G,6.0,2.0,27.0,1.78201,0.90798
594,7.5G,5.0,2.0,27.0,1.78201,0.90798
595,7.5G,4.0,2.0,27.0,1.78201,0.90798
596,7.5G,3.0,2.0,27.0,1.78201,0.90798
597,7.5G,2.5,2.0,27.0,1.78201,0.90798
598,7.5G,8.0,4.0,27.0,3.56403,1.81596
599,7.5G,7.0,4.0,27.0,3.56403,1.81596
600,7.5G,6.0,4.0,27.0,3.56403,1.81596
601,7.5G,5.0,4.0,27.0,3.56403,1.81596
602,7.5G,4.0,4.0,27.0,3.56403,1.81596
603,7.5G,3.0,4.0,27.0,3.56403,1.81596
604,7.5G,8.0,6.0,27.0,5.34604,2.72394
605,7.5G,7.0,6.0,27.0,5.34604,2.72394
606,7.5G,6.0,6.0,27.0,5.34604,2.72394
607,7.5G,5.0,6.0,27.0,5.34604,2.72394
608,7.5G,4.0,6.0,27.0,5.34604,2.72394
609,7.5G,7.0,8.0,27.0,7.12805,3.63192
610,7.5G,6.0,8.0,27.0,7.12805,3.63192
611,7.5G,5.0,8.0,27.0,7.12805,3.63192
612,7.5G,4.0,8.0,27.0,7.12805,3.63192
613,7.5G,7.0,10.0,27.0,8.91007,4.5399
614,7.5G,6.0,10.0,27.0,8.91007,4.5399
615,10G,9.0,1.0,36.0,0.80902,0.58779
616,10G,8.0,1.0,36.0,0.80902,0.58779
617,10G,7.0,1.0,36.0,0.80902,0.58779
618,10G,6.0,1.0,36.0,0.80902,0.58779
619,10G,5.0,1.0,36.0,0.80902,0.58779
620,10G,4.0,1.0,36.0,0.80902,0.58779
621,10G,3.0,1.0,36.0,0.80902,0.58779
622,10G,2.5,1.0,36.0,0.80902,0.58779
623,10G,9.0,2.0,36.0,1.61803,1.17557
624,10G,8.0,2.0,36.0,1.61803,1.17557
625,10G,7.0,2.0,36.0,1.61803,1.17557
626,10G,6.0,2.0,36.0,1.61803,1.17557
627,10G,5.0,2.0,36.0,1.61803,1.17557
628,10G,4.0,2.0,36.0,1.61803,1.17557
629,10G,3.0,2.0,36.0,1.61803,1.17557
630,10G,2.5,2.0,36.0,1.61803,1.17557
631,10G,8.0,4.0,36.0,3.23607,2.35114
632,10G,7.0,4.0,36.0,3.23607,2.35114
633,10G,6.0,4.0,36.0,3.23607,2.35114
634,10G,5.0,4.0,36.0,3.23607,2.35114
635,10G,4.0,4.0,36.0,3.23607,2.35114
636,10G,3.0,4.0,36.0,3.23607,2.35114
637,10G,7.0,6.0,36.0,4.8541,3.52671
638,10G,6.0,6.0,36.0,4.8541,3.52671
639,10G,5.0,6.0,36.0,4.8541,3.52671
640,10G,4.0,6.0,36.0,4.8541,3.52671
641,10G,7.0,8.0,36.0,6.47214,4.70228
642,10G,6.0,8.0,36.0,6.47214,4.70228
643,10G,5.0,8.0,36.0,6.47214,4.70228
644,10G,4.0,8.0,36.0,6.47214,4.70228
645,10G,6.0,10.0,36.0,8.09017,5.87785
646,2.5BG,9.0,2.0,333.0,1.78201,-0.90798
647,2.5BG,8.0,2.0,333.0,1.78201,-0.90798
648,2.5BG,7.0,2.0,333.0,1.78201,-0.90798
649,2.5BG,6.0,2.0,333.0,1.78201,-0.90798
650,2.5BG,5.0,2.0,333.0,1.78201,-0.90798
651,2.5BG,4.0,2.0,333.0,1.78201,-0.90798
652,2.5BG,3.0,2.0,333.0,1.78201,-0.90798
653,2.5BG,2.5,2.0,333.0,1.78201,-0.90798
654,2.5BG,8.0,4.0,333.0,3.56403,-1.81596
655,2.5BG,7.0,4.0,333.0,3.56403,-1.81596
656,2.5BG,6.0,4.0,333.0,3.56403,-1.81596
657,2.5BG,5.0,4.0,333.0,3.56403,-1.81596
658,2.5BG,4.0,4.0,333.0,3.56403,-1.81596
659,2.5BG,3.0,4.0,333.0,3.56403,-1.81596
660,2.5BG,7.0,6.0,333.0,5.34604,-2.72394
661,2.5BG,6.0,6.0,333.0,5.34604,-2.72394
662,2.5BG,5.0,6.0,333.0,5.34604,-2.72394
663,2.5BG,4.0,6.0,333.0,5.34604,-2.72394
664,2.5BG,3.0,6.0,333.0,5.34604,-2.72394
665,2.5BG,7.0,8.0,333.0,7.12805,-3.63192
666,2.5BG,6.0,8.0,333.0,7.12805,-3.63192
667,2.5BG,5.0,8.0,333.0,7.12805,-3.63192
668,2.5BG,4.0,8.0,333.0,7.12805,-3.63192
669,2.5BG,6.0,10.0,333.0,8.91007,-4.5399
670,5BG,9.0,1.0,342.0,0.95106,-0.30902
671,5BG,8.0,1.0,342.0,0.95106,-0.30902
672,5BG,7.0,1.0,342.0,0.95106,-0.30902
673,5BG,6.0,1.0,342.0,0.95106,-0.30902
674,5BG,5.0,1.0,342.0,0.95106,-0.30902
675,5BG,4.0,1.0,342.0,0.95106,-0.30902
676,5BG,3.0,1.0,342.0,0.95106,-0.30902
677,5BG,2.5,1.0,342.0,0.95106,-0.30902
678,5BG,9.0,2.0,342.0,1.90211,-0.61803
679,5BG,8.0,2.0,342.0,1.90211,-0.61803
680,5BG,7.0,2.0,342.0,1.90211,-0.61803
681,5BG,6.0,2.0,342.0,1.90211,-0.61803
682,5BG,5.0,2.0,342.0,1.90211,-0.61803
683,5BG,4.0,2.0,342.0,1.90211,-0.61803
684,5BG,3.0,2.0,342.0,1.90211,-0.61803
685,5BG,2.5,2.0,342.0,1.90211,-0.61803
686,5BG,8.0,4.0,342.0,3.80423,-1.23607
687,5BG,7.0,4.0,342.0,3.80423,-1.23607
688,5BG,6.0,4.0,342.0,3.80423,-1.23607
689,5BG,5.0,4.0,342.0,3.80423,-1.23607
690,5BG,4.0,4.0,342.0,3.80423,-1.23607
691,5BG,3.0,4.0,342.0,3.80423,-1.23607
692,5BG,7.0,6.0,342.0,5.70634,-1.8541
693,5BG,6.0,6.0,342.0,5.70634,-1.8541
694,5BG,5.0,6.0,342.0,5.70634,-1.8541
695,5BG,4.0,6.0,342.0,5.70634,-1.8541
696,5BG,7.0,8.0,342.0,7.60845,-2.47214
697,5BG,6.0,8.0,342.0,7.60845,-2.47214
698,5BG,5.0,8.0,342.0,7.60845,-2.47214
699,5BG,4.0,8.0,342.0,7.60845,-2.47214
700,7.5BG,9.0,2.0,351.0,1.97538,-0.31287
701,7.5BG,8.0,2.0,351.0,1.97538,-0.31287
702,7.5BG,7.0,2.0,351.0,1.97538,-0.31287
703,7.5BG,6.0,2.0,351.0,1.97538,-0.31287
704,7.5BG,5.0,2.0,351.0,1.97538,-0.31287
705,7.5BG,4.0,2.0,351.0,1.97538,-0.31287
706,7.5BG,3.0,2.0,351.0,1.97538,-0.31287
707,7.5BG,2.5,2.0,351.0,1.97538,-0.31287
708,7.5BG,8.0,4.0,351.0,3.95075,-0.62574
709,7.5BG,7.0,4.0,351.0,3.95075,-0.62574
710,7.5BG,6.0,4.0,351.0,3.95075,-0.62574
711,7.5BG,5.0,4.0,351.0,3.95075,-0.62574
712,7.5BG,4.0,4.0,351.0,3.95075,-0.62574
713,7.5BG,3.0,4.0,351.0,3.95075,-0.62574
714,7.5BG,7.0,6.0,351.0,5.92613,-0.93861
715,7.5BG,6.0,6.0,351.0,5.92613,-0.93861
716,7.5BG,5.0,6.0,351.0,5.92613,-0.93861
717,7.5BG,4.0,6.0,351.0,5.92613,-0.93861
718,7.5BG,7.0,8.0,351.0,7.90151,-1.25148
719,7.5BG,6.0,8.0,351.0,7.90151,-1.25148
720,7.5BG,5.0,8.0,351.0,7.90151,-1.25148
721,7.5BG,4.0,8.0,351.0,7.90151,-1.25148
722,10BG,9.0,1.0,0.0,1.0,0.0
723,10BG,8.0,1.0,0.0,1.0,0.0
724,10BG,7.0,1.0,0.0,1.0,0.0
725,10BG,6.0,1.0,0.0,1.0,0.0
726,10BG,5.0,1.0,0.0,1.0,0.0
727,10BG,4.0,1.0,0.0,1.0,0.0
728,10BG,3.0,1.0,0.0,1.0,0.0
729,10BG,2.5,1.0,0.0,1.0,0.0
730,10BG,9.0,2.0,0.0,2.0,0.0
731,10BG,8.0,2.0,0.0,2.0,0.0
732,10BG,7.0,2.0,0.0,2.0,0.0
733,10BG,6.0,2.0,0.0,2.0,0.0
734,10BG,5.0,2.0,0.0,2.0,0.0
735,10BG,4.0,2.0,0.0,2.0,0.0
736,10BG,3.0,2.0,0.0,2.0,0.0
737,10BG,2.5,2.0,0.0,2.0,0.0
738,10BG,8.0,4.0,0.0,4.0,0.0
739,10BG,7.0,4.0,0.0,4.0,0.0
740,10BG,6.0,4.0,0.0,4.0,0.0
741,10BG,5.0,4.0,0.0,4.0,0.0
742,10BG,4.0,4.0,0.0,4.0,0.0
743,10BG,3.0,4.0,0.0,4.0,0.0
744,10BG,7.0,6.0,0.0,6.0,0.0
745,10BG,6.0,6.0,0.0,6.0,0.0
746,10BG,5.0,6.0,0.0,6.0,0.0
747,10BG,4.0,6.0,0.0,6.0,0.0
748,10BG,7.0,8.0,0.0,8.0,0.0
749,10BG,6.0,8.0,0.0,8.0,0.0
750,10BG,5.0,8.0,0.0,8.0,0.0
751,10BG,4.0,8.0,0.0,8.0,0.0
752,2.5B,9.0,2.0,297.0,0.90798,-1.78201
753,2.5B,8.0,2.0,297.0,0.90798,-1.78201
754,2.5B,7.0,2.0,297.0,0.90798,-1.78201
755,2.5B,6.0,2.0,297.0,0.90798,-1.78201
756,2.5B,5.0,2.0,297.0,0.90798,-1.78201
757,2.5B,4.0,2.0,297.0,0.90798,-1.78201
758,2.5B,3.0,2.0,297.0,0.90798,-1.78201
759,2.5B,2.5,2.0,297.0,0.90798,-1.78201
760,2.5B,8.0,4.0,297.0,1.81596,-3.56403
761,2.5B,7.0,4.0,297.0,1.81596,-3.56403
762,2.5B,6.0,4.0,297.0,1.81596,-3.56403
763,2.5B,5.0,4.0,297.0,1.81596,-3.56403
764,2.5B,4.0,4.0,297.0,1.81596,-3.56403
765,2.5B,3.0,4.0,297.0,1.81596,-3.56403
766,2.5B,7.0,6.0,297.0,2.72394,-5.34604
767,2.5B,6.0,6.0,297.0,2.72394,-5.34604
768,2.5B,5.0,6.0,297.0,2.72394,-5.34604
769,2.5B,4.0,6.0,297.0,2.72394,-5.34604
770,2.5B,7.0,8.0,297.0,3.63192,-7.12805
771,2.5B,6.0,8.0,297.0,3.63192,-7.12805
772,2.5B,5.0,8.0,297.0,3.63192,-7.12805
773,2.5B,4.0,8.0,297.0,3.63192,-7.12805
774,5B,9.0,1.0,306.0,0.58779,-0.80902
775,5B,8.0,1.0,306.0,0.58779,-0.80902
776,5B,7.0,1.0,306.0,0.58779,-0.80902
777,5B,6.0,1.0,306.0,0.58779,-0.80902
778,5B,5.0,1.0,306.0,0.58779,-0.80902
779,5B,4.0,1.0,306.0,0.58779,-0.80902
780,5B,3.0,1.0,306.0,0.58779,-0.80902
781,5B,2.5,1.0,306.0,0.58779,-0.80902
782,5B,9.0,2.0,306.0,1.17557,-1.61803
783,5B,8.0,2.0,306.0,1.17557,-1.61803
784,5B,7.0,2.0,306.0,1.17557,-1.61803
785,5B,6.0,2.0,306.0,1.17557,-1.61803
786,5B,5.0,2.0,306.0,1.17557,-1.61803
787,5B,4.0,2.0,306.0,1.17557,-1.61803
788,5B,3.0,2.0,306.0,1.17557,-1.61803
789,5B,2.5,2.0,306.0,1.17557,-1.61803
790,5B,8.0,4.0,306.0,2.35114,-3.23607
791,5B,7.0,4.0,306.0,2.35114,-3.23607
792,5B,6.0,4.0,306.0,2.35114,-3.23607
793,5B,5.0,4.0,306.0,2.35114,-3.23607
794,5B,4.0,4.0,306.0,2.35114,-3.23607
795,5B,3.0,4.0,306.0,2.35114,-3.23607
796,5B,7.0,6.0,306.0,3.52671,-4.8541
797,5B,6.0,6.0,306.0,3.52671,-4.8541
798,5B,5.0,6.0,306.0,3.52671,-4.8541
799,5B,4.0,6.0,306.0,3.52671,-4.8541
800,5B,3.0,6.0,306.0,3.52671,-4.8541
801,5B,7.0,8.0,306.0,4.70228,-6.47214
802,5B,6.0,8.0,306.0,4.70228,-6.47214
803,5B,5.0,8.0,306.0,4.70228,-6.47214
804,5B,4.0,8.0,306.0,4.70228,-6.47214
805,7.5B,9.0,2.0,315.0,1.41421,-1.41421
806,7.5B,8.0,2.0,315.0,1.41421,-1.41421
807,7.5B,7.0,2.0,315.0,1.41421,-1.41421
808,7.5B,6.0,2.0,315.0,1.41421,-1.41421
809,7.5B,5.0,2.0,315.0,1.41421,-1.41421
810,7.5B,4.0,2.0,315.0,1.41421,-1.41421
811,7.5B,3.0,2.0,315.0,1.41421,-1.41421
812,7.5B,2.5,2.0,315.0,1.41421,-1.41421
813,7.5B,8.0,4.0,315.0,2.82843,-2.82843
814,7.5B,7.0,4.0,315.0,2.82843,-2.82843
815,7.5B,6.0,4.0,315.0,2.82843,-2.82843
816,7.5B,5.0,4.0,315.0,2.82843,-2.82843
817,7.5B,4.0,4.0,315.0,2.82843,-2.82843
818,7.5B,3.0,4.0,315.0,2.82843,-2.82843
819,7.5B,7.0,6.0,315.0,4.24264,-4.24264
820,7.5B,6.0,6.0,315.0,4.24264,-4.24264
821,7.5B,5.0,6.0,315.0,4.24264,-4.24264
822,7.5B,4.0,6.0,315.0,4.24264,-4.24264
823,7.5B,3.0,6.0,315.0,4.24264,-4.24264
824,7.5B,7.0,8.0,315.0,5.65685,-5.65685
825,7.5B,6.0,8.0,315.0,5.65685,-5.65685
826,7.5B,5.0,8.0,315.0,5.65685,-5.65685
827,7.5B,4.0,8.0,315.0,5.65685,-5.65685
828,7.5B,6.0,10.0,315.0,7.07107,-7.07107
829,7.5B,5.0,10.0,315.0,7.07107,-7.07107
830,10B,9.0,1.0,324.0,0.80902,-0.58779
831,10B,8.0,1.0,324.0,0.80902,-0.58779
832,10B,7.0,1.0,324.0,0.80902,-0.58779
833,10B,6.0,1.0,324.0,0.80902,-0.58779
834,10B,5.0,1.0,324.0,0.80902,-0.58779
835,10B,4.0,1.0,324.0,0.80902,-0.58779
836,10B,3.0,1.0,324.0,0.80902,-0.58779
837,10B,2.5,1.0,324.0,0.80902,-0.58779
838,10B,9.0,2.0,324.0,1.61803,-1.17557
839,10B,8.0,2.0,324.0,1.61803,-1.17557
840,10B,7.0,2.0,324.0,1.61803,-1.17557
841,10B,6.0,2.0,324.0,1.61803,-1.17557
842,10B,5.0,2.0,324.0,1.61803,-1.17557
843,10B,4.0,2.0,324.0,1.61803,-1.17557
844,10B,3.0,2.0,324.0,1.61803,-1.17557
845,10B,2.5,2.0,324.0,1.61803,-1.17557
846,10B,8.0,4.0,324.0,3.23607,-2.35114
847,10B,7.0,4.0,324.0,3.23607,-2.35114
848,10B,6.0,4.0,324.0,3.23607,-2.35114
849,10B,5.0,4.0,324.0,3.23607,-2.35114
850,10B,4.0,4.0,324.0,3.23607,-2.35114
851,10B,3.0,4.0,324.0,3.23607,-2.35114
852,10B,2.5,4.0,324.0,3.23607,-2.35114
853,10B,7.0,6.0,324.0,4.8541,-3.52671
854,10B,6.0,6.0,324.0,4.8541,-3.52671
855,10B,5.0,6.0,324.0,4.8541,-3.52671
856,10B,4.0,6.0,324.0,4.8541,-3.52671
857,10B,3.0,6.0,324.0,4.8541,-3.52671
858,10B,7.0,8.0,324.0,6.47214,-4.70228
859,10B,6.0,8.0,324.0,6.47214,-4.70228
860,10B,5.0,8.0,324.0,6.47214,-4.70228
861,10B,4.0,8.0,324.0,6.47214,-4.70228
862,10B,6.0,10.0,324.0,8.09017,-5.87785
863,10B,5.0,10.0,324.0,8.09017,-5.87785
864,2.5PB,9.0,2.0,261.0,-0.31287,-1.97538
865,2.5PB,8.0,2.0,261.0,-0.31287,-1.97538
866,2.5PB,7.0,2.0,261.0,-0.31287,-1.97538
867,2.5PB,6.0,2.0,261.0,-0.31287,-1.97538
868,2.5PB,5.0,2.0,261.0,-0.31287,-1.97538
869,2.5PB,4.0,2.0,261.0,-0.31287,-1.97538
870,2.5PB,3.0,2.0,261.0,-0.31287,-1.97538
871,2.5PB,2.5,2.0,261.0,-0.31287,-1.97538
872,2.5PB,8.0,4.0,261.0,-0.62574,-3.95075
873,2.5PB,7.0,4.0,261.0,-0.62574,-3.95075
874,2.5PB,6.0,4.0,261.0,-0.62574,-3.95075
875,2.5PB,5.0,4.0,261.0,-0.62574,-3.95075
876,2.5PB,4.0,4.0,261.0,-0.62574,-3.95075
877,2.5PB,3.0,4.0,261.0,-0.62574,-3.95075
878,2.5PB,2.5,4.0,261.0,-0.62574,-3.95075
879,2.5PB,8.0,6.0,261.0,-0.93861,-5.92613
880,2.5PB,7.0,6.0,261.0,-0.93861,-5.92613
881,2.5PB,6.0,6.0,261.0,-0.93861,-5.92613
882,2.5PB,5.0,6.0,261.0,-0.93861,-5.92613
883,2.5PB,4.0,6.0,261.0,-0.93861,-5.92613
884,2.5PB,3.0,6.0,261.0,-0.93861,-5.92613
885,2.5PB,7.0,8.0,261.0,-1.25148,-7.90151
886,2.5PB,6.0,8.0,261.0,-1.25148,-7.90151
887,2.5PB,5.0,8.0,261.0,-1.25148,-7.90151
888,2.5PB,4.0,8.0,261.0,-1.25148,-7.90151
889,2.5PB,6.0,10.0,261.0,-1.56434,-9.87688
890,2.5PB,5.0,10.0,261.0,-1.56434,-9.87688
891,2.5PB,4.0,10.0,261.0,-1.56434,-9.87688
892,5PB,9.0,1.0,270.0,-0.0,-1.0
893,5PB,8.0,1.0,270.0,-0.0,-1.0
894,5PB,7.0,1.0,270.0,-0.0,-1.0
895,5PB,6.0,1.0,270.0,-0.0,-1.0
896,5PB,5.0,1.0,270.0,-0.0,-1.0
897,5PB,4.0,1.0,270.0,-0.0,-1.0
898,5PB,3.0,1.0,270.0,-0.0,-1.0
899,5PB,2.5,1.0,270.0,-0.0,-1.0
900,5PB,9.0,2.0,270.0,-0.0,-2.0
901,5PB,8.0,2.0,270.0,-0.0,-2.0
902,5PB,7.0,2.0,270.0,-0.0,-2.0
903,5PB,6.0,2.0,270.0,-0.0,-2.0
904,5PB,5.0,2.0,270.0,-0.0,-2.0
905,5PB,4.0,2.0,270.0,-0.0,-2.0
906,5PB,3.0,2.0,270.0,-0.0,-2.0
907,5PB,2.5,2.0,270.0,-0.0,-2.0
908,5PB,8.0,4.0,270.0,-0.0,-4.0
909,5PB,7.0,4.0,270.0,-0.0,-4.0
910,5PB,6.0,4.0,270.0,-0.0,-4.0
911,5PB,5.0,4.0,270.0,-0.0,-4.0
912,5PB,4.0,4.0,270.0,-0.0,-4.0
913,5PB,3.0,4.0,270.0,-0.0,-4.0
914,5PB,2.5,4.0,270.0,-0.0,-4.0
915,5PB,8.0,6.0,270.0,-0.0,-6.0
916,5PB,7.0,6.0,270.0,-0.0,-6.0
917,5PB,6.0,6.0,270.0,-0.0,-6.0
918,5PB,5.0,6.0,270.0,-0.0,-6.0
919,5PB,4.0,6.0,270.0,-0.0,-6.0
920,5PB,3.0,6.0,270.0,-0.0,-6.0
921,5PB,7.0,8.0,270.0,-0.0,-8.0
922,5PB,6.0,8.0,270.0,-0.0,-8.0
923,5PB,5.0,8.0,270.0,-0.0,-8.0
924,5PB,4.0,8.0,270.0,-0.0,-8.0
925,5PB,3.0,8.0,270.0,-0.0,-8.0
926,5PB,6.0,10.0,270.0,-0.0,-10.0
927,5PB,5.0,10.0,270.0,-0.0,-10.0
928,5PB,4.0,10.0,270.0,-0.0,-10.0
929,5PB,5.0,12.0,270.0,-0.0,-12.0
930,5PB,4.0,12.0,270.0,-0.0,-12.0
931,7.5PB,9.0,2.0,279.0,0.31287,-1.97538
932,7.5PB,8.0,2.0,279.0,0.31287,-1.97538
933,7.5PB,7.0,2.0,279.0,0.31287,-1.97538
934,7.5PB,6.0,2.0,279.0,0.31287,-1.97538
935,7.5PB,5.0,2.0,279.0,0.31287,-1.97538
936,7.5PB,4.0,2.0,279.0,0.31287,-1.97538
937,7.5PB,3.0,2.0,279.0,0.31287,-1.97538
938,7.5PB,2.5,2.0,279.0,0.31287,-1.97538
939,7.5PB,8.0,4.0,279.0,0.62574,-3.95075
940,7.5PB,7.0,4.0,279.0,0.62574,-3.95075
941,7.5PB,6.0,4.0,279.0,0.62574,-3.95075
942,7.5PB,5.0,4.0,279.0,0.62574,-3.95075
943,7.5PB,4.0,4.0,279.0,0.62574,-3.95075
944,7.5PB,3.0,4.0,279.0,0.62574,-3.95075
945,7.5PB,2.5,4.0,279.0,0.62574,-3.95075
946,7.5PB,8.0,6.0,279.0,0.93861,-5.92613
947,7.5PB,7.0,6.0,279.0,0.93861,-5.92613
948,7.5PB,6.0,6.0,279.0,0.93861,-5.92613
949,7.5PB,5.0,6.0,279.0,0.93861,-5.92613
950,7.5PB,4.0,6.0,279.0,0.93861,-5.92613
951,7.5PB,3.0,6.0,279.0,0.93861,-5.92613
952,7.5PB,2.5,6.0,279.0,0.93861,-5.92613
953,7.5PB,7.0,8.0,279.0,1.25148,-7.90151
954,7.5PB,6.0,8.0,279.0,1.25148,-7.90151
955,7.5PB,5.0,8.0,279.0,1.25148,-7.90151
956,7.5PB,4.0,8.0,279.0,1.25148,-7.90151
957,7.5PB,3.0,8.0,279.0,1.25148,-7.90151
958,7.5PB,6.0,10.0,279.0,1.56434,-9.87688
959,7.5PB,5.0,10.0,279.0,1.56434,-9.87688
960,7.5PB,4.0,10.0,279.0,1.56434,-9.87688
961,7.5PB,3.0,10.0,279.0,1.56434,-9.87688
962,7.5PB,5.0,12.0,279.0,1.87721,-11.85226
963,7.5PB,4.0,12.0,279.0,1.87721,-11.85226
964,10PB,9.0,1.0,288.0,0.30902,-0.95106
965,10PB,8.0,1.0,288.0,0.30902,-0.95106
966,10PB,7.0,1.0,288.0,0.30902,-0.95106
967,10PB,6.0,1.0,288.0,0.30902,-0.95106
968,10PB,5.0,1.0,288.0,0.30902,-0.95106
969,10PB,4.0,1.0,288.0,0.30902,-0.95106
970,10PB,3.0,1.0,288.0,0.30902,-0.95106
971,10PB,2.5,1.0,288.0,0.30902,-0.95106
972,10PB,9.0,2.0,288.0,0.61803,-1.90211
973,10PB,8.0,2.0,288.0,0.61803,-1.90211
974,10PB,7.0,2.0,288.0,0.61803,-1.90211
975,10PB,6.0,2.0,288.0,0.61803,-1.90211
976,10PB,5.0,2.0,288.0,0.61803,-1.90211
977,10PB,4.0,2.0,288.0,0.61803,-1.90211
978,10PB,3.0,2.0,288.0,0.61803,-1.90211
979,10PB,2.5,2.0,288.0,0.61803,-1.90211
980,10PB,8.0,4.0,288.0,1.23607,-3.80423
981,10PB,7.0,4.0,288.0,1.23607,-3.80423
982,10PB,6.0,4.0,288.0,1.23607,-3.80423
983,10PB,5.0,4.0,288.0,1.23607,-3.80423
984,10PB,4.0,4.0,288.0,1.23607,-3.80423
985,10PB,3.0,4.0,288.0,1.23607,-3.80423
986,10PB,2.5,4.0,288.0,1.23607,-3.80423
987,10PB,7.0,6.0,288.0,1.8541,-5.70634
988,10PB,6.0,6.0,288.0,1.8541,-5.70634
989,10PB,5.0,6.0,288.0,1.8541,-5.70634
990,10PB,4.0,6.0,288.0,1.8541,-5.70634
991,10PB,3.0,6.0,288.0,1.8541,-5.70634
992,10PB,2.5,6.0,288.0,1.8541,-5.70634
993,10PB,7.0,8.0,288.0,2.47214,-7.60845
994,10PB,6.0,8.0,288.0,2.47214,-7.60845
995,10PB,5.0,8.0,288.0,2.47214,-7.60845
996,10PB,4.0,8.0,288.0,2.47214,-7.60845
997,10PB,3.0,8.0,288.0,2.47214,-7.60845
998,10PB,6.0,10.0,288.0,3.09017,-9.51057
999,10PB,5.0,10.0,288.0,3.09017,-9.51057
1000,10PB,4.0,10.0,288.0,3.09017,-9.51057
1001,2.5P,9.0,2.0,225.0,-1.41421,-1.41421
1002,2.5P,8.0,2.0,225.0,-1.41421,-1.41421
1003,2.5P,7.0,2.0,225.0,-1.41421,-1.41421
1004,2.5P,6.0,2.0,225.0,-1.41421,-1.41421
1005,2.5P,5.0,2.0,225.0,-1.41421,-1.41421
1006,2.5P,4.0,2.0,225.0,-1.41421,-1.41421
1007,2.5P,3.0,2.0,225.0,-1.41421,-1.41421
1008,2.5P,2.5,2.0,225.0,-1.41421,-1.41421
1009,2.5P,8.0,4.0,225.0,-2.82843,-2.82843
1010,2.5P,7.0,4.0,225.0,-2.82843,-2.82843
1011,2.5P,6.0,4.0,225.0,-2.82843,-2.82843
1012,2.5P,5.0,4.0,225.0,-2.82843,-2.82843
1013,2.5P,4.0,4.0,225.0,-2.82843,-2.82843
1014,2.5P,3.0,4.0,225.0,-2.82843,-2.82843
1015,2.5P,2.5,4.0,225.0,-2.82843,-2.82843
1016,2.5P,7.0,6.0,225.0,-4.24264,-4.24264
1017,2.5P,6.0,6.0,225.0,-4.24264,-4.24264
1018,2.5P,5.0,6.0,225.0,-4.24264,-4.24264
1019,2.5P,4.0,6.0,225.0,-4.24264,-4.24264
1020,2.5P,3.0,6.0,225.0,-4.24264,-4.24264
1021,2.5P,7.0,8.0,225.0,-5.65685,-5.65685
1022,2.5P,6.0,8.0,225.0,-5.65685,-5.65685
1023,2.5P,5.0,8.0,225.0,-5.65685,-5.65685
1024,2.5P,4.0,8.0,225.0,-5.65685,-5.65685
1025,2.5P,3.0,8.0,225.0,-5.65685,-5.65685
1026,2.5P,6.0,10.0,225.0,-7.07107,-7.07107
1027,2.5P,5.0,10.0,225.0,-7.07107,-7.07107
1028,2.5P,4.0,10.0,225.0,-7.07107,-7.07107
1029,5P,9.0,1.0,234.0,-0.58779,-0.80902
1030,5P,8.0,1.0,234.0,-0.58779,-0.80902
1031,5P,7.0,1.0,234.0,-0.58779,-0.80902
1032,5P,6.0,1.0,234.0,-0.58779,-0.80902
1033,5P,5.0,1.0,234.0,-0.58779,-0.80902
1034,5P,4.0,1.0,234.0,-0.58779,-0.80902
1035,5P,3.0,1.0,234.0,-0.58779,-0.80902
1036,5P,2.5,1.0,234.0,-0.58779,-0.80902
1037,5P,9.0,2.0,234.0,-1.17557,-1.61803
1038,5P,8.0,2.0,234.0,-1.17557,-1.61803
1039,5P,7.0,2.0,234.0,-1.17557,-1.61803
1040,5P,6.0,2.0,234.0,-1.17557,-1.61803
1041,5P,5.0,2.0,234.0,-1.17557,-1.61803
1042,5P,4.0,2.0,234.0,-1.17557,-1.61803
1043,5P,3.0,2.0,234.0,-1.17557,-1.61803
1044,5P,2.5,2.0,234.0,-1.17557,-1.61803
1045,5P,8.0,4.0,234.0,-2.35114,-3.23607
1046,5P,7.0,4.0,234.0,-2.35114,-3.23607
1047,5P,6.0,4.0,234.0,-2.35114,-3.23607
1048,5P,5.0,4.0,234.0,-2.35114,-3.23607
1049,5P,4.0,4.0,234.0,-2.35114,-3.23607
1050,5P,3.0,4.0,234.0,-2.35114,-3.23607
1051,5P,2.5,4.0,234.0,-2.35114,-3.23607
1052,5P,7.0,6.0,234.0,-3.52671,-4.8541
1053,5P,6.0,6.0,234.0,-3.52671,-4.8541
1054,5P,5.0,6.0,234.0,-3.52671,-4.8541
1055,5P,4.0,6.0,234.0,-3.52671,-4.8541
1056,5P,3.0,6.0,234.0,-3.52671,-4.8541
1057,5P,2.5,6.0,234.0,-3.52671,-4.8541
1058,5P,7.0,8.0,234.0,-4.70228,-6.47214
1059,5P,6.0,8.0,234.0,-4.70228,-6.47214
1060,5P,5.0,8.0,234.0,-4.70228,-6.47214
1061,5P,4.0,8.0,234.0,-4.70228,-6.47214
1062,5P,3.0,8.0,234.0,-4.70228,-6.47214
1063,5P,5.0,10.0,234.0,-5.87785,-8.09017
1064,5P,4.0,10.0,234.0,-5.87785,-8.09017
1065,7.5P,9.0,2.0,243.0,-0.90798,-1.78201
1066,7.5P,8.0,2.0,243.0,-0.90798,-1.78201
1067,7.5P,7.0,2.0,243.0,-0.90798,-1.78201
1068,7.5P,6.0,2.0,243.0,-0.90798,-1.78201
1069,7.5P,5.0,2.0,243.0,-0.90798,-1.78201
1070,7.5P,4.0,2.0,243.0,-0.90798,-1.78201
1071,7.5P,3.0,2.0,243.0,-0.90798,-1.78201
1072,7.5P,2.5,2.0,243.0,-0.90798,-1.78201
1073,7.5P,8.0,4.0,243.0,-1.81596,-3.56403
1074,7.5P,7.0,4.0,243.0,-1.81596,-3.56403
1075,7.5P,6.0,4.0,243.0,-1.81596,-3.56403
1076,7.5P,5.0,4.0,243.0,-1.81596,-3.56403
1077,7.5P,4.0,4.0,243.0,-1.81596,-3.56403
1078,7.5P,3.0,4.0,243.0,-1.81596,-3.56403
1079,7.5P,2.5,4.0,243.0,-1.81596,-3.56403
1080,7.5P,8.0,6.0,243.0,-2.72394,-5.34604
1081,7.5P,7.0,6.0,243.0,-2.72394,-5.34604
1082,7.5P,6.0,6.0,243.0,-2.72394,-5.34604
1083,7.5P,5.0,6.0,243.0,-2.72394,-5.34604
1084,7.5P,4.0,6.0,243.0,-2.72394,-5.34604
1085,7.5P,3.0,6.0,243.0,-2.72394,-5.34604
1086,7.5P,7.0,8.0,243.0,-3.63192,-7.12805
1087,7.5P,6.0,8.0,243.0,-3.63192,-7.12805
1088,7.5P,5.0,8.0,243.0,-3.63192,-7.12805
1089,7.5P,4.0,8.0,243.0,-3.63192,-7.12805
1090,7.5P,3.0,8.0,243.0,-3.63192,-7.12805
1091,7.5P,6.0,10.0,243.0,-4.5399,-8.91007
1092,7.5P,5.0,10.0,243.0,-4.5399,-8.91007
1093,7.5P,4.0,10.0,243.0,-4.5399,-8.91007
1094,10P,9.0,1.0,252.0,-0.30902,-0.95106
1095,10P,8.0,1.0,252.0,-0.30902,-0.95106
1096,10P,7.0,1.0,252.0,-0.30902,-0.95106
1097,10P,6.0,1.0,252.0,-0.30902,-0.95106
1098,10P,5.0,1.0,252.0,-0.30902,-0.95106
1099,10P,4.0,1.0,252.0,-0.30902,-0.95106
1100,10P,3.0,1.0,252.0,-0.30902,-0.95106
1101,10P,2.5,1.0,252.0,-0.30902,-0.95106
1102,10P,9.0,2.0,252.0,-0.61803,-1.90211
1103,10P,8.0,2.0,252.0,-0.61803,-1.90211
1104,10P,7.0,2.0,252.0,-0.61803,-1.90211
1105,10P,6.0,2.0,252.0,-0.61803,-1.90211
1106,10P,5.0,2.0,252.0,-0.61803,-1.90211
1107,10P,4.0,2.0,252.0,-0.61803,-1.90211
1108,10P,3.0,2.0,252.0,-0.61803,-1.90211
1109,10P,2.5,2.0,252.0,-0.61803,-1.90211
1110,10P,8.0,4.0,252.0,-1.23607,-3.80423
1111,10P,7.0,4.0,252.0,-1.23607,-3.80423
1112,10P,6.0,4.0,252.0,-1.23607,-3.80423
1113,10P,5.0,4.0,252.0,-1.23607,-3.80423
1114,10P,4.0,4.0,252.0,-1.23607,-3.80423
1115,10P,3.0,4.0,252.0,-1.23607,-3.80423
1116,10P,2.5,4.0,252.0,-1.23607,-3.80423
1117,10P,8.0,6.0,252.0,-1.8541,-5.70634
1118,10P,7.0,6.0,252.0,-1.8541,-5.70634
1119,10P,6.0,6.0,252.0,-1.8541,-5.70634
1120,10P,5.0,6.0,252.0,-1.8541,-5.70634
1121,10P,4.0,6.0,252.0,-1.8541,-5.70634
1122,10P,3.0,6.0,252.0,-1.8541,-5.70634
1123,10P,7.0,8.0,252.0,-2.47214,-7.60845
1124,10P,6.0,8.0,252.0,-2.47214,-7.60845
1125,10P,5.0,8.0,252.0,-2.47214,-7.60845
1126,10P,4.0,8.0,252.0,-2.47214,-7.60845
1127,10P,3.0,8.0,252.0,-2.47214,-7.60845
1128,10P,6.0,10.0,252.0,-3.09017,-9.51057
1129,10P,5.0,10.0,252.0,-3.09017,-9.51057
1130,10P,4.0,10.0,252.0,-3.09017,-9.51057
1131,10P,5.0,12.0,252.0,-3.7082,-11.41268
1132,2.5RP,9.0,2.0,189.0,-1.97538,-0.31287
1133,2.5RP,8.0,2.0,189.0,-1.97538,-0.31287
1134,2.5RP,7.0,2.0,189.0,-1.97538,-0.31287
1135,2.5RP,6.0,2.0,189.0,-1.97538,-0.31287
1136,2.5RP,5.0,2.0,189.0,-1.97538,-0.31287
1137,2.5RP,4.0,2.0,189.0,-1.97538,-0.31287
1138,2.5RP,3.0,2.0,189.0,-1.97538,-0.31287
1139,2.5RP,2.5,2.0,189.0,-1.97538,-0.31287
1140,2.5RP,8.0,4.0,189.0,-3.95075,-0.62574
1141,2.5RP,7.0,4.0,189.0,-3.95075,-0.62574
1142,2.5RP,6.0,4.0,189.0,-3.95075,-0.62574
1143,2.5RP,5.0,4.0,189.0,-3.95075,-0.62574
1144,2.5RP,4.0,4.0,189.0,-3.95075,-0.62574
1145,2.5RP,3.0,4.0,189.0,-3.95075,-0.62574
1146,2.5RP,2.5,4.0,189.0,-3.95075,-0.62574
1147,2.5RP,8.0,6.0,189.0,-5.92613,-0.93861
1148,2.5RP,7.0,6.0,189.0,-5.92613,-0.93861
1149,2.5RP,6.0,6.0,189.0,-5.92613,-0.93861
1150,2.5RP,5.0,6.0,189.0,-5.92613,-0.93861
1151,2.5RP,4.0,6.0,189.0,-5.92613,-0.93861
1152,2.5RP,3.0,6.0,189.0,-5.92613,-0.93861
1153,2.5RP,7.0,8.0,189.0,-7.90151,-1.25148
1154,2.5RP,6.0,8.0,189.0,-7.90151,-1.25148
1155,2.5RP,5.0,8.0,189.0,-7.90151,-1.25148
1156,2.5RP,4.0,8.0,189.0,-7.90151,-1.25148
1157,2.5RP,7.0,10.0,189.0,-9.87688,-1.56434
1158,2.5RP,6.0,10.0,189.0,-9.87688,-1.56434
1159,2.5RP,5.0,10.0,189.0,-9.87688,-1.56434
1160,2.5RP,4.0,10.0,189.0,-9.87688,-1.56434
1161,2.5RP,6.0,12.0,189.0,-11.85226,-1.87721
1162,2.5RP,5.0,12.0,189.0,-11.85226,-1.87721
1163,5RP,9.0,1.0,198.0,-0.95106,-0.30902
1164,5RP,8.0,1.0,198.0,-0.95106,-0.30902
1165,5RP,7.0,1.0,198.0,-0.95106,-0.30902
1166,5RP,6.0,1.0,198.0,-0.95106,-0.30902
1167,5RP,5.0,1.0,198.0,-0.95106,-0.30902
1168,5RP,4.0,1.0,198.0,-0.95106,-0.30902
1169,5RP,3.0,1.0,198.0,-0.95106,-0.30902
1170,5RP,2.5,1.0,198.0,-0.95106,-0.30902
1171,5RP,9.0,2.0,198.0,-1.90211,-0.61803
1172,5RP,8.0,2.0,198.0,-1.90211,-0.61803
1173,5RP,7.0,2.0,198.0,-1.90211,-0.61803
1174,5RP,6.0,2.0,198.0,-1.90211,-0.61803
1175,5RP,5.0,2.0,198.0,-1.90211,-0.61803
1176,5RP,4.0,2.0,198.0,-1.90211,-0.61803
1177,5RP,3.0,2.0,198.0,-1.90211,-0.61803
1178,5RP,2.5,2.0,198.0,-1.90211,-0.61803
1179,5RP,8.0,4.0,198.0,-3.80423,-1.23607
1180,5RP,7.0,4.0,198.0,-3.80423,-1.23607
1181,5RP,6.0,4.0,198.0,-3.80423,-1.23607
1182,5RP,5.0,4.0,198.0,-3.80423,-1.23607
1183,5RP,4.0,4.0,198.0,-3.80423,-1.23607
1184,5RP,3.0,4.0,198.0,-3.80423,-1.23607
1185,5RP,2.5,4.0,198.0,-3.80423,-1.23607
1186,5RP,8.0,6.0,198.0,-5.70634,-1.8541
1187,5RP,7.0,6.0,198.0,-5.70634,-1.8541
1188,5RP,6.0,6.0,198.0,-5.70634,-1.8541
1189,5RP,5.0,6.0,198.0,-5.70634,-1.8541
1190,5RP,4.0,6.0,198.0,-5.70634,-1.8541
1191,5RP,3.0,6.0,198.0,-5.70634,-1.8541
1192,5RP,7.0,8.0,198.0,-7.60845,-2.47214
1193,5RP,6.0,8.0,198.0,-7.60845,-2.47214
1194,5RP,5.0,8.0,198.0,-7.60845,-2.47214
1195,5RP,4.0,8.0,198.0,-7.60845,-2.47214
1196,5RP,6.0,10.0,198.0,-9.51057,-3.09017
1197,5RP,5.0,10.0,198.0,-9.51057,-3.09017
1198,5RP,4.0,10.0,198.0,-9.51057,-3.09017
1199,5RP,5.0,12.0,198.0,-11.41268,-3.7082
1200,5RP,4.0,12.0,198.0,-11.41268,-3.7082
1201,7.5RP,9.0,2.0,207.0,-1.78201,-0.90798
1202,7.5RP,8.0,2.0,207.0,-1.78201,-0.90798
1203,7.5RP,7.0,2.0,207.0,-1.78201,-0.90798
1204,7.5RP,6.0,2.0,207.0,-1.78201,-0.90798
1205,7.5RP,5.0,2.0,207.0,-1.78201,-0.90798
1206,7.5RP,4.0,2.0,207.0,-1.78201,-0.90798
1207,7.5RP,3.0,2.0,207.0,-1.78201,-0.90798
1208,7.5RP,2.5,2.0,207.0,-1.78201,-0.90798
1209,7.5RP,8.0,4.0,207.0,-3.56403,-1.81596
1210,7.5RP,7.0,4.0,207.0,-3.56403,-1.81596
1211,7.5RP,6.0,4.0,207.0,-3.56403,-1.81596
1212,7.5RP,5.0,4.0,207.0,-3.56403,-1.81596
1213,7.5RP,4.0,4.0,207.0,-3.56403,-1.81596
1214,7.5RP,3.0,4.0,207.0,-3.56403,-1.81596
1215,7.5RP,2.5,4.0,207.0,-3.56403,-1.81596
1216,7.5RP,8.0,6.0,207.0,-5.34604,-2.72394
1217,7.5RP,7.0,6.0,207.0,-5.34604,-2.72394
1218,7.5RP,6.0,6.0,207.0,-5.34604,-2.72394
1219,7.5RP,5.0,6.0,207.0,-5.34604,-2.72394
1220,7.5RP,4.0,6.0,207.0,-5.34604,-2.72394
1221,7.5RP,3.0,6.0,207.0,-5.34604,-2.72394
1222,7.5RP,7.0,8.0,207.0,-7.12805,-3.63192
1223,7.5RP,6.0,8.0,207.0,-7.12805,-3.63192
1224,7.5RP,5.0,8.0,207.0,-7.12805,-3.63192
1225,7.5RP,4.0,8.0,207.0,-7.12805,-3.63192
1226,7.5RP,6.0,10.0,207.0,-8.91007,-4.5399
1227,7.5RP,5.0,10.0,207.0,-8.91007,-4.5399
1228,7.5RP,4.0,10.0,207.0,-8.91007,-4.5399
1229,7.5RP,5.0,12.0,207.0,-10.69208,-5.44789
1230,7.5RP,4.0,12.0,207.0,-10.69208,-5.44789
1231,10RP,9.0,1.0,216.0,-0.80902,-0.58779
1232,10RP,8.0,1.0,216.0,-0.80902,-0.58779
1233,10RP,7.0,1.0,216.0,-0.80902,-0.58779
1234,10RP,6.0,1.0,216.0,-0.80902,-0.58779
1235,10RP,5.0,1.0,216.0,-0.80902,-0.58779
1236,10RP,4.0,1.0,216.0,-0.80902,-0.58779
1237,10RP,3.0,1.0,216.0,-0.80902,-0.58779
1238,10RP,2.5,1.0,216.0,-0.80902,-0.58779
1239,10RP,9.0,2.0,216.0,-1.61803,-1.17557
1240,10RP,8.0,2.0,216.0,-1.61803,-1.17557
1241,10RP,7.0,2.0,216.0,-1.61803,-1.17557
1242,10RP,6.0,2.0,216.0,-1.61803,-1.17557
1243,10RP,5.0,2.0,216.0,-1.61803,-1.17557
1244,10RP,4.0,2.0,216.0,-1.61803,-1.17557
1245,10RP,3.0,2.0,216.0,-1.61803,-1.17557
1246,10RP,2.5,2.0,216.0,-1.61803,-1.17557
1247,10RP,8.0,4.0,216.0,-3.23607,-2.35114
1248,10RP,7.0,4.0,216.0,-3.23607,-2.35114
1249,10RP,6.0,4.0,216.0,-3.23607,-2.35114
1250,10RP,5.0,4.0,216.0,-3.23607,-2.35114
1251,10RP,4.0,4.0,216.0,-3.23607,-2.35114
1252,10RP,3.0,4.0,216.0,-3.23607,-2.35114
1253,10RP,2.5,4.0,216.0,-3.23607,-2.35114
1254,10RP,8.0,6.0,216.0,-4.8541,-3.52671
1255,10RP,7.0,6.0,216.0,-4.8541,-3.52671
1256,10RP,6.0,6.0,216.0,-4.8541,-3.52671
1257,10RP,5.0,6.0,216.0,-4.8541,-3.52671
1258,10RP,4.0,6.0,216.0,-4.8541,-3.52671
1259,10RP,3.0,6.0,216.0,-4.8541,-3.52671
1260,10RP,7.0,8.0,216.0,-6.47214,-4.70228
1261,10RP,6.0,8.0,216.0,-6.47214,-4.70228
1262,10RP,5.0,8.0,216.0,-6.47214,-4.70228
1263,10RP,4.0,8.0,216.0,-6.47214,-4.70228
1264,10RP,6.0,10.0,216.0,-8.09017,-5.87785
1265,10RP,5.0,10.0,216.0,-8.09017,-5.87785
1266,10RP,4.0,10.0,216.0,-8.09017,-5.87785
1267,10RP,5.0,12.0,216.0,-9.7082,-7.05342
1268,10RP,4.0,12.0,216.0,-9.7082,-7.05342
