nm,erythropic,chloropic,cyanopic,rhodopic,melanopic
360,0.0000E+00,0.0000E+00,0.0000E+00,0.0000E+00,0.0000E+00
361,0.0000E+00,0.0000E+00,0.0000E+00,0.0000E+00,0.0000E+00
362,0.0000E+00,0.0000E+00,0.0000E+00,0.0000E+00,0.0000E+00
363,0.0000E+00,0.0000E+00,0.0000E+00,0.0000E+00,0.0000E+00
364,0.0000E+00,0.0000E+00,0.0000E+00,0.0000E+00,0.0000E+00
365,0.0000E+00,0.0000E+00,0.0000E+00,0.0000E+00,0.0000E+00
366,0.0000E+00,0.0000E+00,0.0000E+00,0.0000E+00,0.0000E+00
367,0.0000E+00,0.0000E+00,0.0000E+00,0.0000E+00,0.0000E+00
368,0.0000E+00,0.0000E+00,0.0000E+00,0.0000E+00,0.0000E+00
369,0.0000E+00,0.0000E+00,0.0000E+00,0.0000E+00,0.0000E+00
370,0.0000E+00,0.0000E+00,0.0000E+00,0.0000E+00,0.0000E+00
371,0.0000E+00,0.0000E+00,0.0000E+00,0.0000E+00,0.0000E+00
372,0.0000E+00,0.0000E+00,0.0000E+00,0.0000E+00,0.0000E+00
373,0.0000E+00,0.0000E+00,0.0000E+00,0.0000E+00,0.0000E+00
374,0.0000E+00,0.0000E+00,0.0000E+00,0.0000E+00,0.0000E+00
375,0.0000E+00,0.0000E+00,0.0000E+00,0.0000E+00,0.0000E+00
376,0.0000E+00,0.0000E+00,0.0000E+00,0.0000E+00,0.0000E+00
377,0.0000E+00,0.0000E+00,0.0000E+00,0.0000E+00,0.0000E+00
378,0.0000E+00,0.0000E+00,0.0000E+00,0.0000E+00,0.0000E+00
379,0.0000E+00,0.0000E+00,0.0000E+00,0.0000E+00,0.0000E+00
380,0.0000E+00,0.0000E+00,0.0000E+00,5.8900E-04,9.1817E-04
381,0.0000E+00,0.0000E+00,0.0000E+00,6.6500E-04,1.0456E-03
382,0.0000E+00,0.0000E+00,0.0000E+00,7.5200E-04,1.1786E-03
383,0.0000E+00,0.0000E+00,0.0000E+00,8.5400E-04,1.3228E-03
384,0.0000E+00,0.0000E+00,0.0000E+00,9.7200E-04,1.4838E-03
385,0.0000E+00,0.0000E+00,0.0000E+00,1.1080E-03,1.6672E-03
386,0.0000E+00,0.0000E+00,0.0000E+00,1.2680E-03,1.8810E-03
387,0.0000E+00,0.0000E+00,0.0000E+00,1.4530E-03,2.1299E-03
388,0.0000E+00,0.0000E+00,0.0000E+00,1.6680E-03,2.4146E-03
389,0.0000E+00,0.0000E+00,0.0000E+00,1.9180E-03,2.7358E-03
390,4.0762E-04,3.5823E-04,6.1427E-03,2.2090E-03,3.0944E-03
391,4.9707E-04,4.3866E-04,7.4428E-03,2.5470E-03,3.5071E-03
392,6.0471E-04,5.3623E-04,9.0166E-03,2.9390E-03,3.9908E-03
393,7.3364E-04,6.5406E-04,1.0917E-02,3.3940E-03,4.5468E-03
394,8.8725E-04,7.9565E-04,1.3205E-02,3.9210E-03,5.1763E-03
395,1.0692E-03,9.6483E-04,1.5952E-02,4.5300E-03,5.8804E-03
396,1.2834E-03,1.1657E-03,1.9235E-02,5.2400E-03,6.6933E-03
397,1.5338E-03,1.4026E-03,2.3144E-02,6.0500E-03,7.6510E-03
398,1.8244E-03,1.6799E-03,2.7775E-02,6.9800E-03,8.7569E-03
399,2.1590E-03,2.0018E-03,3.3234E-02,8.0600E-03,1.0015E-02
400,2.5407E-03,2.3721E-03,3.9631E-02,9.2900E-03,1.1428E-02
401,2.9728E-03,2.7943E-03,4.7080E-02,1.0700E-02,1.3077E-02
402,3.4599E-03,3.2737E-03,5.5701E-02,1.2310E-02,1.5040E-02
403,4.0079E-03,3.8166E-03,6.5614E-02,1.4130E-02,1.7317E-02
404,4.6237E-03,4.4302E-03,7.6932E-02,1.6190E-02,1.9907E-02
405,5.3155E-03,5.1232E-03,8.9761E-02,1.8520E-02,2.2811E-02
406,6.0914E-03,5.9046E-03,1.0419E-01,2.1130E-02,2.6319E-02
407,6.9529E-03,6.7801E-03,1.2027E-01,2.4050E-02,3.0596E-02
408,7.8963E-03,7.7526E-03,1.3804E-01,2.7300E-02,3.5454E-02
409,8.9130E-03,8.8229E-03,1.5749E-01,3.0890E-02,4.0703E-02
410,9.9884E-03,9.9884E-03,1.7853E-01,3.4840E-02,4.6155E-02
411,1.1105E-02,1.1245E-02,2.0108E-01,3.9160E-02,5.1782E-02
412,1.2261E-02,1.2595E-02,2.2509E-01,4.3900E-02,5.7780E-02
413,1.3458E-02,1.4043E-02,2.5057E-01,4.9000E-02,6.4297E-02
414,1.4704E-02,1.5594E-02,2.7751E-01,5.4500E-02,7.1480E-02
415,1.6013E-02,1.7260E-02,3.0594E-01,6.0400E-02,7.9477E-02
416,1.7396E-02,1.9047E-02,3.3586E-01,6.6800E-02,8.9181E-02
417,1.8845E-02,2.0955E-02,3.6698E-01,7.3600E-02,1.0076E-01
418,2.0344E-02,2.2976E-02,3.9888E-01,8.0800E-02,1.1326E-01
419,2.1870E-02,2.5102E-02,4.3100E-01,8.8500E-02,1.2573E-01
420,2.3396E-02,2.7316E-02,4.6269E-01,9.6600E-02,1.3724E-01
421,2.4896E-02,2.9606E-02,4.9336E-01,1.0520E-01,1.4745E-01
422,2.6376E-02,3.1975E-02,5.2301E-01,1.1410E-01,1.5701E-01
423,2.7854E-02,3.4433E-02,5.5194E-01,1.2350E-01,1.6646E-01
424,2.9355E-02,3.6998E-02,5.8060E-01,1.3340E-01,1.7632E-01
425,3.0910E-02,3.9693E-02,6.0957E-01,1.4360E-01,1.8710E-01
426,3.2550E-02,4.2540E-02,6.3936E-01,1.5410E-01,1.9921E-01
427,3.4271E-02,4.5547E-02,6.6965E-01,1.6510E-01,2.1241E-01
428,3.6062E-02,4.8716E-02,6.9983E-01,1.7640E-01,2.2623E-01
429,3.7905E-02,5.2047E-02,7.2918E-01,1.8790E-01,2.4020E-01
430,3.9781E-02,5.5538E-02,7.5689E-01,1.9980E-01,2.5387E-01
431,4.1671E-02,5.9188E-02,7.8229E-01,2.1190E-01,2.6702E-01
432,4.3573E-02,6.2982E-02,8.0567E-01,2.2430E-01,2.7998E-01
433,4.5493E-02,6.6903E-02,8.2760E-01,2.3690E-01,2.9303E-01
434,4.7439E-02,7.0929E-02,8.4878E-01,2.4960E-01,3.0650E-01
435,4.9417E-02,7.5030E-02,8.6998E-01,2.6250E-01,3.2068E-01
436,5.1434E-02,7.9177E-02,8.9176E-01,2.7550E-01,3.3602E-01
437,5.3474E-02,8.3346E-02,9.1344E-01,2.8860E-01,3.5236E-01
438,5.5510E-02,8.7516E-02,9.3398E-01,3.0170E-01,3.6913E-01
439,5.7517E-02,9.1663E-02,9.5222E-01,3.1490E-01,3.8573E-01
440,5.9462E-02,9.5761E-02,9.6696E-01,3.2810E-01,4.0159E-01
441,6.1324E-02,9.9798E-02,9.7734E-01,3.4120E-01,4.1647E-01
442,6.3129E-02,1.0380E-01,9.8403E-01,3.5430E-01,4.3080E-01
443,6.4919E-02,1.0783E-01,9.8814E-01,3.6730E-01,4.4492E-01
444,6.6743E-02,1.1195E-01,9.9085E-01,3.8030E-01,4.5920E-01
445,6.8654E-02,1.1622E-01,9.9334E-01,3.9310E-01,4.7400E-01
446,7.0696E-02,1.2071E-01,9.9637E-01,4.0600E-01,4.8952E-01
447,7.2851E-02,1.2536E-01,9.9904E-01,4.1800E-01,5.0552E-01
448,7.5078E-02,1.3011E-01,9.9998E-01,4.3100E-01,5.2174E-01
449,7.7333E-02,1.3486E-01,9.9784E-01,4.4300E-01,5.3790E-01
450,7.9565E-02,1.3949E-01,9.9133E-01,4.5500E-01,5.5372E-01
451,8.1737E-02,1.4394E-01,9.7966E-01,4.6700E-01,5.6910E-01
452,8.3883E-02,1.4828E-01,9.6391E-01,4.7900E-01,5.8424E-01
453,8.6060E-02,1.5264E-01,9.4557E-01,4.9000E-01,5.9928E-01
454,8.8332E-02,1.5716E-01,9.2608E-01,5.0200E-01,6.1437E-01
455,9.0770E-02,1.6201E-01,9.0674E-01,5.1300E-01,6.2965E-01
456,9.3440E-02,1.6733E-01,8.8851E-01,5.2400E-01,6.4519E-01
457,9.6358E-02,1.7314E-01,8.7135E-01,5.3500E-01,6.6089E-01
458,9.9530E-02,1.7942E-01,8.5500E-01,5.4600E-01,6.7666E-01
459,1.0296E-01,1.8612E-01,8.3920E-01,5.5700E-01,6.9241E-01
460,1.0666E-01,1.9320E-01,8.2373E-01,5.6700E-01,7.0805E-01
461,1.1063E-01,2.0062E-01,8.0831E-01,5.7800E-01,7.2359E-01
462,1.1483E-01,2.0832E-01,7.9243E-01,5.8800E-01,7.3911E-01
463,1.1922E-01,2.1621E-01,7.7557E-01,5.9900E-01,7.5456E-01
464,1.2374E-01,2.2423E-01,7.5724E-01,6.1000E-01,7.6994E-01
465,1.2834E-01,2.3228E-01,7.3704E-01,6.2000E-01,7.8522E-01
466,1.3295E-01,2.4026E-01,7.1473E-01,6.3100E-01,8.0068E-01
467,1.3757E-01,2.4816E-01,6.9056E-01,6.4200E-01,8.1635E-01
468,1.4222E-01,2.5599E-01,6.6489E-01,6.5300E-01,8.3180E-01
469,1.4691E-01,2.6374E-01,6.3808E-01,6.6400E-01,8.4659E-01
470,1.5165E-01,2.7144E-01,6.1046E-01,6.7600E-01,8.6029E-01
471,1.5648E-01,2.7910E-01,5.8235E-01,6.8700E-01,8.7293E-01
472,1.6140E-01,2.8676E-01,5.5407E-01,6.9900E-01,8.8487E-01
473,1.6646E-01,2.9448E-01,5.2590E-01,7.1000E-01,8.9624E-01
474,1.7169E-01,3.0232E-01,4.9811E-01,7.2200E-01,9.0716E-01
475,1.7712E-01,3.1037E-01,4.7089E-01,7.3400E-01,9.1773E-01
476,1.8278E-01,3.1869E-01,4.4445E-01,7.4500E-01,9.2835E-01
477,1.8869E-01,3.2731E-01,4.1899E-01,7.5700E-01,9.3895E-01
478,1.9485E-01,3.3623E-01,3.9470E-01,7.6900E-01,9.4904E-01
479,2.0126E-01,3.4548E-01,3.7171E-01,7.8100E-01,9.5809E-01
480,2.0794E-01,3.5507E-01,3.5011E-01,7.9300E-01,9.6561E-01
481,2.1488E-01,3.6499E-01,3.2990E-01,8.0500E-01,9.7198E-01
482,2.2202E-01,3.7514E-01,3.1086E-01,8.1700E-01,9.7783E-01
483,2.2932E-01,3.8541E-01,2.9274E-01,8.2800E-01,9.8301E-01
484,2.3668E-01,3.9565E-01,2.7534E-01,8.4000E-01,9.8733E-01
485,2.4405E-01,4.0569E-01,2.5850E-01,8.5100E-01,9.9062E-01
486,2.5135E-01,4.1544E-01,2.4216E-01,8.6200E-01,9.9334E-01
487,2.5870E-01,4.2506E-01,2.2650E-01,8.7300E-01,9.9589E-01
488,2.6625E-01,4.3485E-01,2.1173E-01,8.8400E-01,9.9801E-01
489,2.7420E-01,4.4510E-01,1.9796E-01,8.9400E-01,9.9946E-01
490,2.8275E-01,4.5614E-01,1.8530E-01,9.0400E-01,1.0000E+00
491,2.9207E-01,4.6824E-01,1.7375E-01,9.1400E-01,9.9956E-01
492,3.0209E-01,4.8126E-01,1.6315E-01,9.2300E-01,9.9837E-01
493,3.1267E-01,4.9493E-01,1.5331E-01,9.3200E-01,9.9659E-01
494,3.2364E-01,5.0895E-01,1.4409E-01,9.4100E-01,9.9442E-01
495,3.3479E-01,5.2297E-01,1.3535E-01,9.4900E-01,9.9202E-01
496,3.4594E-01,5.3670E-01,1.2701E-01,9.5700E-01,9.8879E-01
497,3.5713E-01,5.5020E-01,1.1902E-01,9.6400E-01,9.8422E-01
498,3.6842E-01,5.6362E-01,1.1133E-01,9.7000E-01,9.7866E-01
499,3.7991E-01,5.7715E-01,1.0393E-01,9.7600E-01,9.7245E-01
500,3.9171E-01,5.9100E-01,9.6799E-02,9.8200E-01,9.6595E-01
501,4.0391E-01,6.0535E-01,8.9917E-02,9.8600E-01,9.5884E-01
502,4.1650E-01,6.2016E-01,8.3288E-02,9.9000E-01,9.5072E-01
503,4.2945E-01,6.3534E-01,7.6916E-02,9.9400E-01,9.4178E-01
504,4.4272E-01,6.5080E-01,7.0805E-02,9.9700E-01,9.3224E-01
505,4.5625E-01,6.6640E-01,6.4961E-02,9.9800E-01,9.2230E-01
506,4.7000E-01,6.8206E-01,5.9405E-02,1.0000E+00,9.1183E-01
507,4.8393E-01,6.9767E-01,5.4208E-02,1.0000E+00,9.0060E-01
508,4.9801E-01,7.1319E-01,4.9428E-02,1.0000E+00,8.8866E-01
509,5.1223E-01,7.2853E-01,4.5099E-02,9.9800E-01,8.7607E-01
510,5.2654E-01,7.4361E-01,4.1234E-02,9.9700E-01,8.6289E-01
511,5.4092E-01,7.5840E-01,3.7814E-02,9.9400E-01,8.4880E-01
512,5.5541E-01,7.7297E-01,3.4763E-02,9.9000E-01,8.3368E-01
513,5.7003E-01,7.8746E-01,3.2003E-02,9.8600E-01,8.1783E-01
514,5.8483E-01,8.0202E-01,2.9475E-02,9.8100E-01,8.0158E-01
515,5.9987E-01,8.1681E-01,2.7130E-02,9.7500E-01,7.8523E-01
516,6.1516E-01,8.3192E-01,2.4938E-02,9.6800E-01,7.6872E-01
517,6.3057E-01,8.4710E-01,2.2893E-02,9.6100E-01,7.5181E-01
518,6.4588E-01,8.6197E-01,2.0996E-02,9.5300E-01,7.3459E-01
519,6.6088E-01,8.7615E-01,1.9243E-02,9.4400E-01,7.1717E-01
520,6.7531E-01,8.8921E-01,1.7630E-02,9.3500E-01,6.9963E-01
521,6.8898E-01,9.0081E-01,1.6150E-02,9.2500E-01,6.8189E-01
522,7.0189E-01,9.1101E-01,1.4791E-02,9.1500E-01,6.6388E-01
523,7.1414E-01,9.1997E-01,1.3541E-02,9.0400E-01,6.4572E-01
524,7.2584E-01,9.2789E-01,1.2388E-02,8.9200E-01,6.2753E-01
525,7.3711E-01,9.3498E-01,1.1325E-02,8.8000E-01,6.0942E-01
526,7.4805E-01,9.4141E-01,1.0344E-02,8.6700E-01,5.9134E-01
527,7.5868E-01,9.4728E-01,9.4409E-03,8.5400E-01,5.7321E-01
528,7.6903E-01,9.5262E-01,8.6137E-03,8.4000E-01,5.5511E-01
529,7.7910E-01,9.5750E-01,7.8583E-03,8.2600E-01,5.3711E-01
530,7.8890E-01,9.6196E-01,7.1709E-03,8.1100E-01,5.1931E-01
531,7.9847E-01,9.6608E-01,6.5465E-03,7.9600E-01,5.0165E-01
532,8.0795E-01,9.6997E-01,5.9778E-03,7.8100E-01,4.8407E-01
533,8.1748E-01,9.7374E-01,5.4579E-03,7.6500E-01,4.6664E-01
534,8.2724E-01,9.7754E-01,4.9813E-03,7.4900E-01,4.4944E-01
535,8.3740E-01,9.8148E-01,4.5429E-03,7.3300E-01,4.3253E-01
536,8.4808E-01,9.8563E-01,4.1391E-03,7.1700E-01,4.1586E-01
537,8.5906E-01,9.8975E-01,3.7679E-03,7.0000E-01,3.9937E-01
538,8.7007E-01,9.9355E-01,3.4278E-03,6.8300E-01,3.8314E-01
539,8.8078E-01,9.9671E-01,3.1170E-03,6.6700E-01,3.6722E-01
540,8.9087E-01,9.9893E-01,2.8335E-03,6.5000E-01,3.5171E-01
541,9.0006E-01,9.9994E-01,2.5756E-03,6.3300E-01,3.3654E-01
542,9.0825E-01,9.9969E-01,2.3408E-03,6.1600E-01,3.2165E-01
543,9.1543E-01,9.9818E-01,2.1272E-03,5.9900E-01,3.0709E-01
544,9.2158E-01,9.9541E-01,1.9328E-03,5.8100E-01,2.9290E-01
545,9.2666E-01,9.9138E-01,1.7557E-03,5.6400E-01,2.7914E-01
546,9.3074E-01,9.8620E-01,1.5946E-03,5.4800E-01,2.6574E-01
547,9.3416E-01,9.8023E-01,1.4478E-03,5.3100E-01,2.5265E-01
548,9.3732E-01,9.7391E-01,1.3143E-03,5.1400E-01,2.3992E-01
549,9.4063E-01,9.6765E-01,1.1928E-03,4.9700E-01,2.2759E-01
550,9.4453E-01,9.6188E-01,1.0823E-03,4.8100E-01,2.1572E-01
551,9.4929E-01,9.5682E-01,9.8182E-04,4.6500E-01,2.0424E-01
552,9.5468E-01,9.5215E-01,8.9053E-04,4.4800E-01,1.9308E-01
553,9.6031E-01,9.4740E-01,8.0769E-04,4.3300E-01,1.8229E-01
554,9.6579E-01,9.4211E-01,7.3257E-04,4.1700E-01,1.7193E-01
555,9.7070E-01,9.3583E-01,6.6451E-04,4.0200E-01,1.6206E-01
556,9.7476E-01,9.2827E-01,6.0289E-04,3.8640E-01,1.5260E-01
557,9.7806E-01,9.1967E-01,5.4706E-04,3.7150E-01,1.4349E-01
558,9.8082E-01,9.1036E-01,4.9646E-04,3.5690E-01,1.3475E-01
559,9.8327E-01,9.0068E-01,4.5057E-04,3.4270E-01,1.2642E-01
560,9.8564E-01,8.9095E-01,4.0893E-04,3.2880E-01,1.1853E-01
561,9.8809E-01,8.8139E-01,3.7114E-04,3.1510E-01,1.1101E-01
562,9.9056E-01,8.7183E-01,3.3684E-04,3.0180E-01,1.0379E-01
563,9.9295E-01,8.6206E-01,3.0572E-04,2.8880E-01,9.6921E-02
564,9.9512E-01,8.5184E-01,2.7750E-04,2.7620E-01,9.0426E-02
565,9.9698E-01,8.4097E-01,2.5192E-04,2.6390E-01,8.4346E-02
566,9.9841E-01,8.2930E-01,2.2873E-04,2.5190E-01,7.8620E-02
567,9.9939E-01,8.1691E-01,2.0770E-04,2.4030E-01,7.3175E-02
568,9.9991E-01,8.0391E-01,1.8864E-04,2.2910E-01,6.8029E-02
569,9.9997E-01,7.9041E-01,1.7136E-04,2.1820E-01,6.3198E-02
570,9.9954E-01,7.7653E-01,1.5569E-04,2.0760E-01,5.8701E-02
571,9.9862E-01,7.6231E-01,1.4148E-04,1.9740E-01,5.4483E-02
572,9.9705E-01,7.4767E-01,1.2860E-04,1.8760E-01,5.0489E-02
573,9.9470E-01,7.3248E-01,1.1691E-04,1.7820E-01,4.6734E-02
574,9.9142E-01,7.1662E-01,1.0632E-04,1.6900E-01,4.3236E-02
575,9.8706E-01,7.0001E-01,9.6705E-05,1.6020E-01,4.0009E-02
576,9.8160E-01,6.8265E-01,8.7986E-05,1.5170E-01,3.7010E-02
577,9.7545E-01,6.6482E-01,8.0076E-05,1.4360E-01,3.4190E-02
578,9.6912E-01,6.4686E-01,7.2898E-05,1.3580E-01,3.1556E-02
579,9.6309E-01,6.2907E-01,6.6384E-05,1.2840E-01,2.9115E-02
580,9.5784E-01,6.1173E-01,6.0471E-05,1.2120E-01,2.6875E-02
581,9.5366E-01,5.9500E-01,5.5102E-05,1.1430E-01,2.4801E-02
582,9.5024E-01,5.7878E-01,5.0227E-05,1.0780E-01,2.2860E-02
583,9.4709E-01,5.6294E-01,4.5799E-05,1.0150E-01,2.1053E-02
584,9.4375E-01,5.4732E-01,4.1776E-05,9.5600E-02,1.9386E-02
585,9.3978E-01,5.3183E-01,3.8120E-05,8.9900E-02,1.7862E-02
586,9.3483E-01,5.1635E-01,3.4797E-05,8.4500E-02,1.6458E-02
587,9.2892E-01,5.0087E-01,3.1776E-05,7.9300E-02,1.5147E-02
588,9.2218E-01,4.8535E-01,2.9029E-05,7.4500E-02,1.3931E-02
589,9.1473E-01,4.6978E-01,2.6529E-05,6.9900E-02,1.2812E-02
590,9.0669E-01,4.5414E-01,2.4255E-05,6.5500E-02,1.1790E-02
591,8.9817E-01,4.3845E-01,2.2185E-05,6.1300E-02,1.0849E-02
592,8.8919E-01,4.2278E-01,2.0300E-05,5.7400E-02,9.9711E-03
593,8.7976E-01,4.0719E-01,1.8583E-05,5.3700E-02,9.1585E-03
594,8.6989E-01,3.9175E-01,1.7018E-05,5.0200E-02,8.4124E-03
595,8.5961E-01,3.7653E-01,1.5592E-05,4.6900E-02,7.7343E-03
596,8.4891E-01,3.6156E-01,1.4292E-05,4.3800E-02,7.1126E-03
597,8.3787E-01,3.4686E-01,1.3107E-05,4.0900E-02,6.5348E-03
598,8.2652E-01,3.3242E-01,1.2025E-05,3.8160E-02,6.0011E-03
599,8.1494E-01,3.1826E-01,1.1037E-05,3.5580E-02,5.5117E-03
600,8.0317E-01,3.0438E-01,1.0136E-05,3.3150E-02,5.0669E-03
601,7.9125E-01,2.9078E-01,9.3120E-06,3.0870E-02,4.6587E-03
602,7.7912E-01,2.7751E-01,8.5594E-06,2.8740E-02,4.2795E-03
603,7.6669E-01,2.6458E-01,7.8714E-06,2.6740E-02,3.9294E-03
604,7.5390E-01,2.5201E-01,7.2422E-06,2.4870E-02,3.6087E-03
605,7.4068E-01,2.3984E-01,6.6666E-06,2.3120E-02,3.3177E-03
606,7.2700E-01,2.2807E-01,6.1397E-06,2.1470E-02,3.0511E-03
607,7.1291E-01,2.1670E-01,5.6573E-06,1.9940E-02,2.8037E-03
608,6.9849E-01,2.0575E-01,5.2154E-06,1.8510E-02,2.5756E-03
609,6.8383E-01,1.9522E-01,4.8104E-06,1.7180E-02,2.3667E-03
610,6.6899E-01,1.8510E-01,4.4391E-06,1.5930E-02,2.1770E-03
611,6.5404E-01,1.7540E-01,4.0985E-06,1.4770E-02,2.0032E-03
612,6.3898E-01,1.6609E-01,3.7860E-06,1.3690E-02,1.8419E-03
613,6.2383E-01,1.5717E-01,3.4991E-06,1.2690E-02,1.6932E-03
614,6.0858E-01,1.4862E-01,3.2356E-06,1.1750E-02,1.5569E-03
615,5.9325E-01,1.4043E-01,2.9935E-06,1.0880E-02,1.4331E-03
616,5.7786E-01,1.3259E-01,0.0000E+00,1.0070E-02,1.3197E-03
617,5.6249E-01,1.2509E-01,0.0000E+00,9.3200E-03,1.2145E-03
618,5.4725E-01,1.1793E-01,0.0000E+00,8.6200E-03,1.1174E-03
619,5.3221E-01,1.1109E-01,0.0000E+00,7.9700E-03,1.0284E-03
620,5.1745E-01,1.0457E-01,0.0000E+00,7.3700E-03,9.4731E-04
621,5.0299E-01,9.8366E-02,0.0000E+00,6.8200E-03,8.7281E-04
622,4.8869E-01,9.2469E-02,0.0000E+00,6.3000E-03,8.0358E-04
623,4.7438E-01,8.6876E-02,0.0000E+00,5.8200E-03,7.3962E-04
624,4.5990E-01,8.1583E-02,0.0000E+00,5.3800E-03,6.8097E-04
625,4.4513E-01,7.6584E-02,0.0000E+00,4.9700E-03,6.2765E-04
626,4.3001E-01,7.1868E-02,0.0000E+00,4.5900E-03,5.7875E-04
627,4.1469E-01,6.7419E-02,0.0000E+00,4.2400E-03,5.3336E-04
628,3.9934E-01,6.3218E-02,0.0000E+00,3.9130E-03,4.9144E-04
629,3.8412E-01,5.9249E-02,0.0000E+00,3.6130E-03,4.5298E-04
630,3.6917E-01,5.5499E-02,0.0000E+00,3.3350E-03,4.1796E-04
631,3.5458E-01,5.1955E-02,0.0000E+00,3.0790E-03,3.8579E-04
632,3.4039E-01,4.8610E-02,0.0000E+00,2.8420E-03,3.5591E-04
633,3.2661E-01,4.5459E-02,0.0000E+00,2.6230E-03,3.2829E-04
634,3.1325E-01,4.2495E-02,0.0000E+00,2.4210E-03,3.0293E-04
635,3.0032E-01,3.9710E-02,0.0000E+00,2.2350E-03,2.7980E-04
636,2.8782E-01,3.7095E-02,0.0000E+00,2.0620E-03,2.5854E-04
637,2.7576E-01,3.4635E-02,0.0000E+00,1.9030E-03,2.3879E-04
638,2.6416E-01,3.2313E-02,0.0000E+00,1.7570E-03,2.2051E-04
639,2.5301E-01,3.0115E-02,0.0000E+00,1.6210E-03,2.0370E-04
640,2.4232E-01,2.8031E-02,0.0000E+00,1.4970E-03,1.8834E-04
641,2.3206E-01,2.6056E-02,0.0000E+00,1.3820E-03,1.7419E-04
642,2.2216E-01,2.4201E-02,0.0000E+00,1.2760E-03,1.6102E-04
643,2.1252E-01,2.2476E-02,0.0000E+00,1.1780E-03,1.4882E-04
644,2.0306E-01,2.0887E-02,0.0000E+00,1.0880E-03,1.3759E-04
645,1.9373E-01,1.9437E-02,0.0000E+00,1.0050E-03,1.2734E-04
646,1.8450E-01,1.8120E-02,0.0000E+00,9.2800E-04,1.1789E-04
647,1.7540E-01,1.6915E-02,0.0000E+00,8.5700E-04,1.0910E-04
648,1.6651E-01,1.5799E-02,0.0000E+00,7.9200E-04,1.0095E-04
649,1.5787E-01,1.4754E-02,0.0000E+00,7.3200E-04,9.3444E-05
650,1.4951E-01,1.3766E-02,0.0000E+00,6.7700E-04,8.6575E-05
651,1.4147E-01,1.2825E-02,0.0000E+00,6.2600E-04,8.0241E-05
652,1.3376E-01,1.1930E-02,0.0000E+00,5.7900E-04,7.4338E-05
653,1.2638E-01,1.1085E-02,0.0000E+00,5.3600E-04,6.8865E-05
654,1.1934E-01,1.0289E-02,0.0000E+00,4.9600E-04,6.3817E-05
655,1.1264E-01,9.5432E-03,0.0000E+00,4.5900E-04,5.9191E-05
656,1.0626E-01,8.8461E-03,0.0000E+00,4.2500E-04,5.4920E-05
657,1.0021E-01,8.1960E-03,0.0000E+00,3.9350E-04,5.0937E-05
658,9.4456E-02,7.5906E-03,0.0000E+00,3.6450E-04,4.7240E-05
659,8.8993E-02,7.0275E-03,0.0000E+00,3.3770E-04,4.3827E-05
660,8.3808E-02,6.5046E-03,0.0000E+00,3.1290E-04,4.0695E-05
661,7.8887E-02,6.0195E-03,0.0000E+00,2.9010E-04,3.7799E-05
662,7.4219E-02,5.5709E-03,0.0000E+00,2.6890E-04,3.5097E-05
663,6.9795E-02,5.1573E-03,0.0000E+00,2.4930E-04,3.2586E-05
664,6.5605E-02,4.7769E-03,0.0000E+00,2.3130E-04,3.0265E-05
665,6.1638E-02,4.4279E-03,0.0000E+00,2.1460E-04,2.8132E-05
666,5.7886E-02,4.1083E-03,0.0000E+00,1.9910E-04,2.6159E-05
667,5.4337E-02,3.8147E-03,0.0000E+00,1.8480E-04,2.4316E-05
668,5.0981E-02,3.5439E-03,0.0000E+00,1.7160E-04,2.2602E-05
669,4.7810E-02,3.2933E-03,0.0000E+00,1.5930E-04,2.1015E-05
670,4.4813E-02,3.0605E-03,0.0000E+00,1.4800E-04,1.9554E-05
671,4.1983E-02,2.8437E-03,0.0000E+00,1.3750E-04,1.8198E-05
672,3.9311E-02,2.6418E-03,0.0000E+00,1.2770E-04,1.6930E-05
673,3.6789E-02,2.4537E-03,0.0000E+00,1.1870E-04,1.5749E-05
674,3.4410E-02,2.2788E-03,0.0000E+00,1.1040E-04,1.4655E-05
675,3.2166E-02,2.1160E-03,0.0000E+00,1.0260E-04,1.3648E-05
676,3.0051E-02,1.9646E-03,0.0000E+00,9.5400E-05,1.2714E-05
677,2.8059E-02,1.8238E-03,0.0000E+00,8.8800E-05,1.1841E-05
678,2.6186E-02,1.6929E-03,0.0000E+00,8.2600E-05,1.1027E-05
679,2.4426E-02,1.5712E-03,0.0000E+00,7.6900E-05,1.0272E-05
680,2.2774E-02,1.4580E-03,0.0000E+00,7.1500E-05,9.5764E-06
681,2.1224E-02,1.3527E-03,0.0000E+00,6.6600E-05,8.9303E-06
682,1.9768E-02,1.2548E-03,0.0000E+00,6.2000E-05,8.3254E-06
683,1.8399E-02,1.1634E-03,0.0000E+00,5.7800E-05,7.7614E-06
684,1.7109E-02,1.0781E-03,0.0000E+00,5.3800E-05,7.2377E-06
685,1.5894E-02,9.9842E-04,0.0000E+00,5.0100E-05,6.7543E-06
686,1.4749E-02,9.2396E-04,0.0000E+00,4.6700E-05,6.3050E-06
687,1.3677E-02,8.5471E-04,0.0000E+00,4.3600E-05,5.8841E-06
688,1.2680E-02,7.9065E-04,0.0000E+00,4.0600E-05,5.4912E-06
689,1.1759E-02,7.3168E-04,0.0000E+00,3.7890E-05,5.1259E-06
690,1.0912E-02,6.7765E-04,0.0000E+00,3.5330E-05,4.7880E-06
691,1.0137E-02,6.2830E-04,0.0000E+00,3.2950E-05,4.4735E-06
692,9.4257E-03,5.8311E-04,0.0000E+00,3.0750E-05,4.1783E-06
693,8.7692E-03,5.4158E-04,0.0000E+00,2.8700E-05,3.9024E-06
694,8.1608E-03,5.0329E-04,0.0000E+00,2.6790E-05,3.6458E-06
695,7.5945E-03,4.6787E-04,0.0000E+00,2.5010E-05,3.4084E-06
696,7.0659E-03,4.3501E-04,0.0000E+00,2.3360E-05,3.1874E-06
697,6.5725E-03,4.0449E-04,0.0000E+00,2.1820E-05,2.9800E-06
698,6.1126E-03,3.7614E-04,0.0000E+00,2.0380E-05,2.7860E-06
699,5.6844E-03,3.4978E-04,0.0000E+00,1.9050E-05,2.6055E-06
700,5.2861E-03,3.2528E-04,0.0000E+00,1.7800E-05,2.4382E-06
701,4.9157E-03,3.0248E-04,0.0000E+00,1.6640E-05,2.2823E-06
702,4.5709E-03,2.8124E-04,0.0000E+00,1.5560E-05,2.1358E-06
703,4.2491E-03,2.6143E-04,0.0000E+00,1.4540E-05,1.9987E-06
704,3.9483E-03,2.4293E-04,0.0000E+00,1.3600E-05,1.8710E-06
705,3.6668E-03,2.2564E-04,0.0000E+00,1.2730E-05,1.7525E-06
706,3.4030E-03,2.0948E-04,0.0000E+00,1.1910E-05,1.6420E-06
707,3.1563E-03,1.9440E-04,0.0000E+00,1.1140E-05,1.5381E-06
708,2.9262E-03,1.8037E-04,0.0000E+00,1.0430E-05,1.4407E-06
709,2.7121E-03,1.6735E-04,0.0000E+00,9.7600E-06,1.3499E-06
710,2.5133E-03,1.5529E-04,0.0000E+00,9.1400E-06,1.2656E-06
711,2.3290E-03,1.4414E-04,0.0000E+00,8.5600E-06,1.1868E-06
712,2.1584E-03,1.3383E-04,0.0000E+00,8.0200E-06,1.1127E-06
713,2.0007E-03,1.2431E-04,0.0000E+00,7.5100E-06,1.0433E-06
714,1.8552E-03,1.1551E-04,0.0000E+00,7.0400E-06,9.7839E-07
715,1.7211E-03,1.0739E-04,0.0000E+00,6.6000E-06,9.1808E-07
716,1.5975E-03,9.9880E-05,0.0000E+00,6.1800E-06,8.6171E-07
717,1.4834E-03,9.2932E-05,0.0000E+00,5.8000E-06,8.0864E-07
718,1.3779E-03,8.6491E-05,0.0000E+00,5.4400E-06,7.5885E-07
719,1.2800E-03,8.0509E-05,0.0000E+00,5.1000E-06,7.1231E-07
720,1.1890E-03,7.4945E-05,0.0000E+00,4.7800E-06,6.6899E-07
721,1.1043E-03,6.9765E-05,0.0000E+00,4.4900E-06,6.2844E-07
722,1.0256E-03,6.4947E-05,0.0000E+00,4.2100E-06,5.9024E-07
723,9.5260E-04,6.0472E-05,0.0000E+00,3.9510E-06,5.5436E-07
724,8.8496E-04,5.6321E-05,0.0000E+00,3.7090E-06,5.2080E-07
725,8.2240E-04,5.2475E-05,0.0000E+00,3.4820E-06,4.8953E-07
726,7.6459E-04,4.8914E-05,0.0000E+00,3.2700E-06,4.6025E-07
727,7.1111E-04,4.5614E-05,0.0000E+00,3.0700E-06,4.3265E-07
728,6.6157E-04,4.2549E-05,0.0000E+00,2.8840E-06,4.0671E-07
729,6.1561E-04,3.9699E-05,0.0000E+00,2.7100E-06,3.8242E-07
730,5.7292E-04,3.7044E-05,0.0000E+00,2.5460E-06,3.5977E-07
731,5.3321E-04,3.4569E-05,0.0000E+00,2.3930E-06,3.3853E-07
732,4.9623E-04,3.2259E-05,0.0000E+00,2.2500E-06,3.1849E-07
733,4.6178E-04,3.0103E-05,0.0000E+00,2.1150E-06,2.9964E-07
734,4.2965E-04,2.8089E-05,0.0000E+00,1.9890E-06,2.8198E-07
735,3.9967E-04,2.6209E-05,0.0000E+00,1.8700E-06,2.6549E-07
736,3.7169E-04,2.4453E-05,0.0000E+00,1.7590E-06,2.5003E-07
737,3.4565E-04,2.2818E-05,0.0000E+00,1.6550E-06,2.3542E-07
738,3.2149E-04,2.1300E-05,0.0000E+00,1.5570E-06,2.2168E-07
739,2.9916E-04,1.9894E-05,0.0000E+00,1.4660E-06,2.0879E-07
740,2.7855E-04,1.8597E-05,0.0000E+00,1.3790E-06,1.9674E-07
741,2.5958E-04,1.7400E-05,0.0000E+00,1.2990E-06,1.8543E-07
742,2.4206E-04,1.6293E-05,0.0000E+00,1.2230E-06,1.7474E-07
743,2.2581E-04,1.5263E-05,0.0000E+00,1.1510E-06,1.6467E-07
744,2.1067E-04,1.4301E-05,0.0000E+00,1.0840E-06,1.5521E-07
745,1.9653E-04,1.3397E-05,0.0000E+00,1.0220E-06,1.4637E-07
746,1.8327E-04,1.2545E-05,0.0000E+00,9.6200E-07,1.3806E-07
747,1.7087E-04,1.1744E-05,0.0000E+00,9.0700E-07,1.3021E-07
748,1.5929E-04,1.0993E-05,0.0000E+00,8.5500E-07,1.2281E-07
749,1.4851E-04,1.0290E-05,0.0000E+00,8.0600E-07,1.1585E-07
750,1.3848E-04,9.6340E-06,0.0000E+00,7.6000E-07,1.0933E-07
751,1.2918E-04,9.0226E-06,0.0000E+00,7.1600E-07,1.0320E-07
752,1.2054E-04,8.4530E-06,0.0000E+00,6.7500E-07,9.7401E-08
753,1.1252E-04,7.9221E-06,0.0000E+00,6.3700E-07,9.1927E-08
754,1.0506E-04,7.4270E-06,0.0000E+00,6.0100E-07,8.6781E-08
755,9.8123E-05,6.9652E-06,0.0000E+00,5.6700E-07,8.1959E-08
756,9.1664E-05,6.5342E-06,0.0000E+00,5.3500E-07,7.7420E-08
757,8.5646E-05,6.1313E-06,0.0000E+00,5.0500E-07,7.3124E-08
758,8.0030E-05,5.7539E-06,0.0000E+00,4.7700E-07,6.9069E-08
759,7.4786E-05,5.3998E-06,0.0000E+00,4.5000E-07,6.5253E-08
760,6.9883E-05,5.0671E-06,0.0000E+00,4.2500E-07,6.1675E-08
761,6.5297E-05,4.7541E-06,0.0000E+00,4.0100E-07,5.8304E-08
762,6.1013E-05,4.4602E-06,0.0000E+00,3.7900E-07,5.5112E-08
763,5.7018E-05,4.1847E-06,0.0000E+00,3.5800E-07,5.2097E-08
764,5.3300E-05,3.9269E-06,0.0000E+00,3.3820E-07,4.9258E-08
765,4.9843E-05,3.6862E-06,0.0000E+00,3.1960E-07,4.6592E-08
766,4.6632E-05,3.4616E-06,0.0000E+00,3.0210E-07,4.4078E-08
767,4.3642E-05,3.2516E-06,0.0000E+00,2.8550E-07,4.1696E-08
768,4.0850E-05,3.0546E-06,0.0000E+00,2.6990E-07,3.9444E-08
769,3.8235E-05,2.8695E-06,0.0000E+00,2.5520E-07,3.7322E-08
770,3.5778E-05,2.6950E-06,0.0000E+00,2.4130E-07,3.5327E-08
771,3.3468E-05,2.5304E-06,0.0000E+00,2.2820E-07,3.3445E-08
772,3.1301E-05,2.3755E-06,0.0000E+00,2.1590E-07,3.1660E-08
773,2.9276E-05,2.2303E-06,0.0000E+00,2.0420E-07,2.9971E-08
774,2.7391E-05,2.0948E-06,0.0000E+00,1.9320E-07,2.8378E-08
775,2.5641E-05,1.9686E-06,0.0000E+00,1.8290E-07,2.6880E-08
776,2.4021E-05,1.8515E-06,0.0000E+00,1.7310E-07,2.5480E-08
777,2.2516E-05,1.7425E-06,0.0000E+00,1.6380E-07,2.4166E-08
778,2.1115E-05,1.6406E-06,0.0000E+00,1.5510E-07,2.2917E-08
779,1.9805E-05,1.5451E-06,0.0000E+00,1.4680E-07,2.1711E-08
780,1.8577E-05,1.4552E-06,0.0000E+00,1.3900E-07,2.0526E-08
781,0.0000E+00,0.0000E+00,0.0000E+00,0.0000E+00,0.0000E+00
782,0.0000E+00,0.0000E+00,0.0000E+00,0.0000E+00,0.0000E+00
783,0.0000E+00,0.0000E+00,0.0000E+00,0.0000E+00,0.0000E+00
784,0.0000E+00,0.0000E+00,0.0000E+00,0.0000E+00,0.0000E+00
785,0.0000E+00,0.0000E+00,0.0000E+00,0.0000E+00,0.0000E+00
786,0.0000E+00,0.0000E+00,0.0000E+00,0.0000E+00,0.0000E+00
787,0.0000E+00,0.0000E+00,0.0000E+00,0.0000E+00,0.0000E+00
788,0.0000E+00,0.0000E+00,0.0000E+00,0.0000E+00,0.0000E+00
789,0.0000E+00,0.0000E+00,0.0000E+00,0.0000E+00,0.0000E+00
790,0.0000E+00,0.0000E+00,0.0000E+00,0.0000E+00,0.0000E+00
791,0.0000E+00,0.0000E+00,0.0000E+00,0.0000E+00,0.0000E+00
792,0.0000E+00,0.0000E+00,0.0000E+00,0.0000E+00,0.0000E+00
793,0.0000E+00,0.0000E+00,0.0000E+00,0.0000E+00,0.0000E+00
794,0.0000E+00,0.0000E+00,0.0000E+00,0.0000E+00,0.0000E+00
795,0.0000E+00,0.0000E+00,0.0000E+00,0.0000E+00,0.0000E+00
796,0.0000E+00,0.0000E+00,0.0000E+00,0.0000E+00,0.0000E+00
797,0.0000E+00,0.0000E+00,0.0000E+00,0.0000E+00,0.0000E+00
798,0.0000E+00,0.0000E+00,0.0000E+00,0.0000E+00,0.0000E+00
799,0.0000E+00,0.0000E+00,0.0000E+00,0.0000E+00,0.0000E+00
800,0.0000E+00,0.0000E+00,0.0000E+00,0.0000E+00,0.0000E+00
801,0.0000E+00,0.0000E+00,0.0000E+00,0.0000E+00,0.0000E+00
802,0.0000E+00,0.0000E+00,0.0000E+00,0.0000E+00,0.0000E+00
803,0.0000E+00,0.0000E+00,0.0000E+00,0.0000E+00,0.0000E+00
804,0.0000E+00,0.0000E+00,0.0000E+00,0.0000E+00,0.0000E+00
805,0.0000E+00,0.0000E+00,0.0000E+00,0.0000E+00,0.0000E+00
806,0.0000E+00,0.0000E+00,0.0000E+00,0.0000E+00,0.0000E+00
807,0.0000E+00,0.0000E+00,0.0000E+00,0.0000E+00,0.0000E+00
808,0.0000E+00,0.0000E+00,0.0000E+00,0.0000E+00,0.0000E+00
809,0.0000E+00,0.0000E+00,0.0000E+00,0.0000E+00,0.0000E+00
810,0.0000E+00,0.0000E+00,0.0000E+00,0.0000E+00,0.0000E+00
811,0.0000E+00,0.0000E+00,0.0000E+00,0.0000E+00,0.0000E+00
812,0.0000E+00,0.0000E+00,0.0000E+00,0.0000E+00,0.0000E+00
813,0.0000E+00,0.0000E+00,0.0000E+00,0.0000E+00,0.0000E+00
814,0.0000E+00,0.0000E+00,0.0000E+00,0.0000E+00,0.0000E+00
815,0.0000E+00,0.0000E+00,0.0000E+00,0.0000E+00,0.0000E+00
816,0.0000E+00,0.0000E+00,0.0000E+00,0.0000E+00,0.0000E+00
817,0.0000E+00,0.0000E+00,0.0000E+00,0.0000E+00,0.0000E+00
818,0.0000E+00,0.0000E+00,0.0000E+00,0.0000E+00,0.0000E+00
819,0.0000E+00,0.0000E+00,0.0000E+00,0.0000E+00,0.0000E+00
820,0.0000E+00,0.0000E+00,0.0000E+00,0.0000E+00,0.0000E+00
821,0.0000E+00,0.0000E+00,0.0000E+00,0.0000E+00,0.0000E+00
822,0.0000E+00,0.0000E+00,0.0000E+00,0.0000E+00,0.0000E+00
823,0.0000E+00,0.0000E+00,0.0000E+00,0.0000E+00,0.0000E+00
824,0.0000E+00,0.0000E+00,0.0000E+00,0.0000E+00,0.0000E+00
825,0.0000E+00,0.0000E+00,0.0000E+00,0.0000E+00,0.0000E+00
826,0.0000E+00,0.0000E+00,0.0000E+00,0.0000E+00,0.0000E+00
827,0.0000E+00,0.0000E+00,0.0000E+00,0.0000E+00,0.0000E+00
828,0.0000E+00,0.0000E+00,0.0000E+00,0.0000E+00,0.0000E+00
829,0.0000E+00,0.0000E+00,0.0000E+00,0.0000E+00,0.0000E+00
830,0.0000E+00,0.0000E+00,0.0000E+00,0.0000E+00,0.0000E+00
