wl,Vlambda,Vprime,Vlambda/mac,Scone/mac,Melanopsin,Scone,ybar
380.000000000,0.000000000,0.000000000,0.000000000,0.000000000,0.001210000,0.000000000,0.000039000
381.000000000,0.000000000,0.000000000,0.000000000,0.000000000,0.001520000,0.000000000,0.000042800
382.000000000,0.000000000,0.000000000,0.000000000,0.000000000,0.001880000,0.000000000,0.000046900
383.000000000,0.000000000,0.000000000,0.000000000,0.000000000,0.002270000,0.000000000,0.000051600
384.000000000,0.000000000,0.000000000,0.000000000,0.000000000,0.002710000,0.000000000,0.000057200
385.000000000,0.000000000,0.000000000,0.000000000,0.000000000,0.003200000,0.000000000,0.000064000
386.000000000,0.000000000,0.000000000,0.000000000,0.000000000,0.003740000,0.000000000,0.000072300
387.000000000,0.000000000,0.000000000,0.000000000,0.000000000,0.004350000,0.000000000,0.000082200
388.000000000,0.000000000,0.000000000,0.000000000,0.000000000,0.004880000,0.000000000,0.000093500
389.000000000,0.000000000,0.000000000,0.000000000,0.000000000,0.005460000,0.000000000,0.000106136
390.000000000,0.000120017,0.002209000,0.000117677,0.002900852,0.006090000,0.007770000,0.000120000
391.000000000,0.000135766,0.002574000,0.000133118,0.009103896,0.007540000,0.024385000,0.000134984
392.000000000,0.000151514,0.002939000,0.000148559,0.015306940,0.009100000,0.041000000,0.000151492
393.000000000,0.000171679,0.003430000,0.000168331,0.021523051,0.010800000,0.057650000,0.000170208
394.000000000,0.000191844,0.003921000,0.000188102,0.027739162,0.012600000,0.074300000,0.000191816
395.000000000,0.000219393,0.004580500,0.000215114,0.034029941,0.014500000,0.091150000,0.000217000
396.000000000,0.000246942,0.005240000,0.000242126,0.040320720,0.016600000,0.108000000,0.000246907
397.000000000,0.000282754,0.006110000,0.000277240,0.046480830,0.018800000,0.124500000,0.000281240
398.000000000,0.000318566,0.006980000,0.000312353,0.052640940,0.021100000,0.141000000,0.000318520
399.000000000,0.000357311,0.008135000,0.000350343,0.058801050,0.023400000,0.157500000,0.000357267
400.000000000,0.000396057,0.009290000,0.000650436,0.108806233,0.025900000,0.174000000,0.000396000
401.000000000,0.000434574,0.010800000,0.000720175,0.121783606,0.030600000,0.193000000,0.000433715
402.000000000,0.000473091,0.012310000,0.000791192,0.134998894,0.035400000,0.212000000,0.000473024
403.000000000,0.000522696,0.014250000,0.000882238,0.148458699,0.040500000,0.231000000,0.000517876
404.000000000,0.000572301,0.016190000,0.000974984,0.162169872,0.045900000,0.250000000,0.000572219
405.000000000,0.000648482,0.018660000,0.001115181,0.175812122,0.051500000,0.268500000,0.000640000
406.000000000,0.000724664,0.021130000,0.001257508,0.189632783,0.057300000,0.287000000,0.000724560
407.000000000,0.000832979,0.024215000,0.001458718,0.204040217,0.063300000,0.306000000,0.000825500
408.000000000,0.000941295,0.027300000,0.001663650,0.218714226,0.070100000,0.325000000,0.000941160
409.000000000,0.001075734,0.031070000,0.001919012,0.233662278,0.077100000,0.344000000,0.001069880
410.000000000,0.001210173,0.034840000,0.002179188,0.248892123,0.084400000,0.363000000,0.001210000
411.000000000,0.001370572,0.039370000,0.002489334,0.271788552,0.094400000,0.393000000,0.001362091
412.000000000,0.001530971,0.043900000,0.002804882,0.295083852,0.105000000,0.423000000,0.001530752
413.000000000,0.001733285,0.049200000,0.003203445,0.318436673,0.115000000,0.452500000,0.001720368
414.000000000,0.001935600,0.054500000,0.003609073,0.342203529,0.126000000,0.482000000,0.001935323
415.000000000,0.002195376,0.060650000,0.004130057,0.366753686,0.137000000,0.512000000,0.002180000
416.000000000,0.002455152,0.066800000,0.004683290,0.393667275,0.149000000,0.542000000,0.002454800
417.000000000,0.002786699,0.073800000,0.005391046,0.421343534,0.161000000,0.572000000,0.002764000
418.000000000,0.003118247,0.080800000,0.006119147,0.449815348,0.174000000,0.602000000,0.003117800
419.000000000,0.003559410,0.088700000,0.007086726,0.478738472,0.188000000,0.631500000,0.003526400
420.000000000,0.004000573,0.096600000,0.008082940,0.508517597,0.202000000,0.661000000,0.004000000
421.000000000,0.004580316,0.105350000,0.009416022,0.536582902,0.218000000,0.685500000,0.004546240
422.000000000,0.005160059,0.114100000,0.010796530,0.565646684,0.234000000,0.710000000,0.005159320
423.000000000,0.005853578,0.123750000,0.012469411,0.595763193,0.250000000,0.734500000,0.005829280
424.000000000,0.006547098,0.133400000,0.014204004,0.626990681,0.266000000,0.759000000,0.006546160
425.000000000,0.007317382,0.143750000,0.016173459,0.658970978,0.283000000,0.783000000,0.007300000
426.000000000,0.008087666,0.154100000,0.018117860,0.688358314,0.300000000,0.807000000,0.008086507
427.000000000,0.008928373,0.165250000,0.020275521,0.718984104,0.317000000,0.831500000,0.008908720
428.000000000,0.009769080,0.176400000,0.022493190,0.750461662,0.335000000,0.856000000,0.009767680
429.000000000,0.010685371,0.188100000,0.024949894,0.782382486,0.354000000,0.880000000,0.010664430
430.000000000,0.011601662,0.199800000,0.027476879,0.815216492,0.372000000,0.904000000,0.011600000
431.000000000,0.012593165,0.212050000,0.030055866,0.830611429,0.388000000,0.914000000,0.012573170
432.000000000,0.013584667,0.224300000,0.032675070,0.846246444,0.404000000,0.924000000,0.013582720
433.000000000,0.014651005,0.236950000,0.035516857,0.861665671,0.420000000,0.933500000,0.014629680
434.000000000,0.015717342,0.249600000,0.038403661,0.877329164,0.436000000,0.943000000,0.015715090
435.000000000,0.016863641,0.262550000,0.041533501,0.893242772,0.452000000,0.952500000,0.016840000
436.000000000,0.018009941,0.275500000,0.044699909,0.909131654,0.468000000,0.962000000,0.018007360
437.000000000,0.019233396,0.288600000,0.048108687,0.925268315,0.485000000,0.971500000,0.019214480
438.000000000,0.020456851,0.301700000,0.051571041,0.941658598,0.502000000,0.981000000,0.020453920
439.000000000,0.021730074,0.314900000,0.055214701,0.958308529,0.520000000,0.990500000,0.021718240
440.000000000,0.023003297,0.328100000,0.058916543,0.975224327,0.538000000,1.000000000,0.023000000
441.000000000,0.024308603,0.341200000,0.062908709,0.977014098,0.551000000,0.991500000,0.024294610
442.000000000,0.025613910,0.354300000,0.066984978,0.978841575,0.564000000,0.983000000,0.025610240
443.000000000,0.026984612,0.367300000,0.071320878,0.980707961,0.577000000,0.974500000,0.026958570
444.000000000,0.028355313,0.380300000,0.075750089,0.982614513,0.591000000,0.966000000,0.028351250
445.000000000,0.029835316,0.393150000,0.080570825,0.985076674,0.605000000,0.958000000,0.029800000
446.000000000,0.031315318,0.406000000,0.085562007,0.988337098,0.619000000,0.950000000,0.031310830
447.000000000,0.032920693,0.418500000,0.091018595,0.991148744,0.633000000,0.941500000,0.032883680
448.000000000,0.034526068,0.431000000,0.096606597,0.994028105,0.647000000,0.933000000,0.034521120
449.000000000,0.036265757,0.443000000,0.102711224,0.996977658,0.662000000,0.924500000,0.036225710
450.000000000,0.038005446,0.455000000,0.108966501,1.000000000,0.676000000,0.916000000,0.038000000
451.000000000,0.039889716,0.467000000,0.115612073,0.998178396,0.689000000,0.904500000,0.039846670
452.000000000,0.041773986,0.479000000,0.122403700,0.996316756,0.701000000,0.893000000,0.041768000
453.000000000,0.043811613,0.490500000,0.129800600,0.994413748,0.714000000,0.881500000,0.043766000
454.000000000,0.045849240,0.502000000,0.137363720,0.992467976,0.727000000,0.870000000,0.045842670
455.000000000,0.048050061,0.513000000,0.145593209,0.991054848,0.741000000,0.859000000,0.048000000
456.000000000,0.050250881,0.524000000,0.152958115,0.982838234,0.754000000,0.848000000,0.050243680
457.000000000,0.052619661,0.535000000,0.160904293,0.973963953,0.767000000,0.836500000,0.052573040
458.000000000,0.054988440,0.546000000,0.168923824,0.965007752,0.782000000,0.825000000,0.054980560
459.000000000,0.057498520,0.556500000,0.177453812,0.955968491,0.796000000,0.813500000,0.057458720
460.000000000,0.060008599,0.567000000,0.186063276,0.946845010,0.810000000,0.802000000,0.060000000
461.000000000,0.062647737,0.577500000,0.192707631,0.926461458,0.822000000,0.791000000,0.062601970
462.000000000,0.065286875,0.588000000,0.199247556,0.906398277,0.834000000,0.780000000,0.065277520
463.000000000,0.068104064,0.599000000,0.206224645,0.886647973,0.845000000,0.769000000,0.068042080
464.000000000,0.070921253,0.610000000,0.213093771,0.867203282,0.857000000,0.758000000,0.070911090
465.000000000,0.073974146,0.620500000,0.220560194,0.848624808,0.869000000,0.747500000,0.073900000
466.000000000,0.077027038,0.631000000,0.227409370,0.828495193,0.880000000,0.737000000,0.077016000
467.000000000,0.080352915,0.642000000,0.234923562,0.808200123,0.891000000,0.726000000,0.080266400
468.000000000,0.083678792,0.653000000,0.242293145,0.788295629,0.901000000,0.715000000,0.083666800
469.000000000,0.087335916,0.664500000,0.250472242,0.768770545,0.911000000,0.704000000,0.087232800
470.000000000,0.090993040,0.676000000,0.258496906,0.749614124,0.921000000,0.693000000,0.090980000
471.000000000,0.095026537,0.687500000,0.266922266,0.717126930,0.931000000,0.670500000,0.094917550
472.000000000,0.099060035,0.699000000,0.275160399,0.685361665,0.941000000,0.648000000,0.099045840
473.000000000,0.103480049,0.710500000,0.284279308,0.654817547,0.949000000,0.626000000,0.103367400
474.000000000,0.107900062,0.722000000,0.293199983,0.624937425,0.957000000,0.604000000,0.107884600
475.000000000,0.112724453,0.733500000,0.303015828,0.595188108,0.965000000,0.581500000,0.112600000
476.000000000,0.117548845,0.745000000,0.315838710,0.571894803,0.972000000,0.559000000,0.117532000
477.000000000,0.122779994,0.757000000,0.329742183,0.549134255,0.979000000,0.537000000,0.122674400
478.000000000,0.128011144,0.769000000,0.343632854,0.526394665,0.984000000,0.515000000,0.127992800
479.000000000,0.133525534,0.781000000,0.358270720,0.503165177,0.989000000,0.492500000,0.133452800
480.000000000,0.139039925,0.793000000,0.372895120,0.479957060,0.994000000,0.470000000,0.139020000
481.000000000,0.144765395,0.805000000,0.388071502,0.460342301,0.997000000,0.451000000,0.144676400
482.000000000,0.150490865,0.817000000,0.403233903,0.440745612,0.999000000,0.432000000,0.150469300
483.000000000,0.156615943,0.828500000,0.419452580,0.420657080,1.000000000,0.412500000,0.156461900
484.000000000,0.162741021,0.840000000,0.435656329,0.400587038,1.000000000,0.393000000,0.162717700
485.000000000,0.169504690,0.851000000,0.453553890,0.380535460,1.000000000,0.373500000,0.169300000
486.000000000,0.176268360,0.862000000,0.469684855,0.359164005,0.999000000,0.354000000,0.176243100
487.000000000,0.183784637,0.873000000,0.487678904,0.338475253,0.997000000,0.335000000,0.183558100
488.000000000,0.191300914,0.884000000,0.505524108,0.317957636,0.995000000,0.316000000,0.191273500
489.000000000,0.199675363,0.894000000,0.525480738,0.297108013,0.992000000,0.296500000,0.199418000
490.000000000,0.208049813,0.904000000,0.545273644,0.276429441,0.989000000,0.277000000,0.208020000
491.000000000,0.217408404,0.913500000,0.563670137,0.262595745,0.985000000,0.266000000,0.217119900
492.000000000,0.226766995,0.923000000,0.581674940,0.249056590,0.981000000,0.255000000,0.226734500
493.000000000,0.237141832,0.932000000,0.601879721,0.235319466,0.975000000,0.243500000,0.236857100
494.000000000,0.247516669,0.941000000,0.621663279,0.221868730,0.969000000,0.232000000,0.247481200
495.000000000,0.258870146,0.949000000,0.643471248,0.209168750,0.962000000,0.221000000,0.258600000
496.000000000,0.270223623,0.957000000,0.654697084,0.193728599,0.954000000,0.210000000,0.270184900
497.000000000,0.282658205,0.963500000,0.667923518,0.178600635,0.946000000,0.198500000,0.282293900
498.000000000,0.295092787,0.970000000,0.680512872,0.164201344,0.937000000,0.187000000,0.295050500
499.000000000,0.309069540,0.976000000,0.695982853,0.150908031,0.928000000,0.176000000,0.308578000
500.000000000,0.323046292,0.982000000,0.710741930,0.138225596,0.917000000,0.165000000,0.323000000
501.000000000,0.338891463,0.986000000,0.721156166,0.128021564,0.906000000,0.158000000,0.338402100
502.000000000,0.354736634,0.990000000,0.730909151,0.118465436,0.895000000,0.151000000,0.354685800
503.000000000,0.372039963,0.993500000,0.742973911,0.109497402,0.883000000,0.144000000,0.371698600
504.000000000,0.389343293,0.997000000,0.754318357,0.101064794,0.871000000,0.137000000,0.389287500
505.000000000,0.407517097,0.998500000,0.766642711,0.093121053,0.858000000,0.130000000,0.407300000
506.000000000,0.425690902,1.000000000,0.774170517,0.085173545,0.844000000,0.123000000,0.425629900
507.000000000,0.444575858,1.000000000,0.782464880,0.077738171,0.830000000,0.116000000,0.444309600
508.000000000,0.463460814,1.000000000,0.790241441,0.070766974,0.816000000,0.109000000,0.463394400
509.000000000,0.483266452,0.998500000,0.799069544,0.064406680,0.801000000,0.102300000,0.482939500
510.000000000,0.503072090,0.997000000,0.807378909,0.058420116,0.786000000,0.095600000,0.503000000
511.000000000,0.523831065,0.993500000,0.816920428,0.053888053,0.769000000,0.090750000,0.523569300
512.000000000,0.544590040,0.990000000,0.825937128,0.049605269,0.753000000,0.085900000,0.544512000
513.000000000,0.565819732,0.985500000,0.835165942,0.045579850,0.736000000,0.081100000,0.565690000
514.000000000,0.587049424,0.981000000,0.843913604,0.041764300,0.719000000,0.076300000,0.586965300
515.000000000,0.608247112,0.974500000,0.852171944,0.038142624,0.701000000,0.071500000,0.608200000
516.000000000,0.629444800,0.968000000,0.856931596,0.034575756,0.684000000,0.066700000,0.629345600
517.000000000,0.650208075,0.960500000,0.860854301,0.031179873,0.667000000,0.061850000,0.650306800
518.000000000,0.670971350,0.953000000,0.864567018,0.027965777,0.650000000,0.057000000,0.670875200
519.000000000,0.690536554,0.944000000,0.866582659,0.024943143,0.632000000,0.052200000,0.690842400
520.000000000,0.710101757,0.935000000,0.868495883,0.022074093,0.614000000,0.047400000,0.710000000
521.000000000,0.727836098,0.925000000,0.878485274,0.020772878,0.597000000,0.045200000,0.728185200
522.000000000,0.745570440,0.915000000,0.888215469,0.019505427,0.580000000,0.043000000,0.745463600
523.000000000,0.761759360,0.903500000,0.895878908,0.018292831,0.563000000,0.040850000,0.761969400
524.000000000,0.777948280,0.892000000,0.903348532,0.017110903,0.545000000,0.038700000,0.777836800
525.000000000,0.793087249,0.879500000,0.909427629,0.015936663,0.528000000,0.036500000,0.793200000
526.000000000,0.808226219,0.867000000,0.914605544,0.014779249,0.511000000,0.034300000,0.808110400
527.000000000,0.822326439,0.853500000,0.918488886,0.013673131,0.494000000,0.032150000,0.822496200
528.000000000,0.836426660,0.840000000,0.922272756,0.012595346,0.477000000,0.030000000,0.836306800
529.000000000,0.849275101,0.825500000,0.924598128,0.011524093,0.460000000,0.027800000,0.849491600
530.000000000,0.862123542,0.811000000,0.926865424,0.010479595,0.444000000,0.025600000,0.862000000
531.000000000,0.873606388,0.796000000,0.934197040,0.009894328,0.428000000,0.024300000,0.873810800
532.000000000,0.885089233,0.781000000,0.941450800,0.009315277,0.412000000,0.023000000,0.884962400
533.000000000,0.895331101,0.765000000,0.947314905,0.008742342,0.397000000,0.021700000,0.895493600
534.000000000,0.905572969,0.749000000,0.953117392,0.008175427,0.381000000,0.020400000,0.905443200
535.000000000,0.914720079,0.733000000,0.957713014,0.007594506,0.366000000,0.019050000,0.914850100
536.000000000,0.923867190,0.717000000,0.962126618,0.007018645,0.352000000,0.017700000,0.923734800
537.000000000,0.931962250,0.700000000,0.965403551,0.006468622,0.338000000,0.016400000,0.932092400
538.000000000,0.940057310,0.683000000,0.968645869,0.005924409,0.324000000,0.015100000,0.939922600
539.000000000,0.947097019,0.666500000,0.970772385,0.005366399,0.310000000,0.013750000,0.947225200
540.000000000,0.954136728,0.650000000,0.972876672,0.004814223,0.297000000,0.012400000,0.954000000
541.000000000,0.960141288,0.633000000,0.977190800,0.004534062,0.284000000,0.011700000,0.960256100
542.000000000,0.966145848,0.616000000,0.981489018,0.004254934,0.271000000,0.011000000,0.966007400
543.000000000,0.971154116,0.598500000,0.984761165,0.003982624,0.259000000,0.010315000,0.971260600
544.000000000,0.976162383,0.581000000,0.988021290,0.003711315,0.247000000,0.009630000,0.976022500
545.000000000,0.980197912,0.564500000,0.990286707,0.003437155,0.235000000,0.008935000,0.980300000
546.000000000,0.984233441,0.548000000,0.992527024,0.003163944,0.224000000,0.008240000,0.984092400
547.000000000,0.987344086,0.531000000,0.993828123,0.002889824,0.213000000,0.007540000,0.987418200
548.000000000,0.990454732,0.514000000,0.995124433,0.002616714,0.203000000,0.006840000,0.990312800
549.000000000,0.992773714,0.497500000,0.995622046,0.002344606,0.193000000,0.006140000,0.992811600
550.000000000,0.995092696,0.481000000,0.996117833,0.002073497,0.183000000,0.005440000,0.994950100
551.000000000,0.996667022,0.464500000,0.997463974,0.001954888,0.174000000,0.005130000,0.996710800
552.000000000,0.998241347,0.448000000,0.998809494,0.001836333,0.164000000,0.004820000,0.998098300
553.000000000,0.999066416,0.432500000,0.999404884,0.001717833,0.156000000,0.004510000,0.999112000
554.000000000,0.999891484,0.417000000,1.000000000,0.001599388,0.147000000,0.004200000,0.999748200
555.000000000,0.999945742,0.401700000,0.999824125,0.001479093,0.139000000,0.003885000,1.000000000
556.000000000,1.000000000,0.386400000,0.999648067,0.001358854,0.132000000,0.003570000,0.999856700
557.000000000,0.999234290,0.371650000,0.998652599,0.001240572,0.124000000,0.003260000,0.999304600
558.000000000,0.998468580,0.356900000,0.997657589,0.001122345,0.117000000,0.002950000,0.998325500
559.000000000,0.996805592,0.342850000,0.995766694,0.001004173,0.111000000,0.002640000,0.996898700
560.000000000,0.995142604,0.328800000,0.993876670,0.000886055,0.104000000,0.002330000,0.995000000
561.000000000,0.992513527,0.315300000,0.990565496,0.000856940,0.098200000,0.002255000,0.992600500
562.000000000,0.989884450,0.301800000,0.987258898,0.000827867,0.092400000,0.002180000,0.989742600
563.000000000,0.986374697,0.289000000,0.983079134,0.000796936,0.086900000,0.002100000,0.986444400
564.000000000,0.982864945,0.276200000,0.978905138,0.000766047,0.081600000,0.002020000,0.982724100
565.000000000,0.978544125,0.264050000,0.973929657,0.000735201,0.076600000,0.001940000,0.978600000
566.000000000,0.974223306,0.251900000,0.968958722,0.000704396,0.071900000,0.001860000,0.974083700
567.000000000,0.969109123,0.240500000,0.963206128,0.000675526,0.067400000,0.001785000,0.969171200
568.000000000,0.963994941,0.229100000,0.957461478,0.000646696,0.063200000,0.001710000,0.963856800
569.000000000,0.958065691,0.218350000,0.950915771,0.000616016,0.059200000,0.001630000,0.958134900
570.000000000,0.952136441,0.207600000,0.944379093,0.000585378,0.055400000,0.001550000,0.952000000
571.000000000,0.945385073,0.197600000,0.937466746,0.000556925,0.051800000,0.001475000,0.945450400
572.000000000,0.938633706,0.187600000,0.930557584,0.000528485,0.048400000,0.001400000,0.938499200
573.000000000,0.931111828,0.178300000,0.922887898,0.000498171,0.045300000,0.001320000,0.931162800
574.000000000,0.923589950,0.169000000,0.915221743,0.000467871,0.042300000,0.001240000,0.923457600
575.000000000,0.915363171,0.160350000,0.906860763,0.000439471,0.039500000,0.001165000,0.915400000
576.000000000,0.907136393,0.151700000,0.898503392,0.000411084,0.036800000,0.001090000,0.907006400
577.000000000,0.898234317,0.143750000,0.889481154,0.000381202,0.034400000,0.001011000,0.898277200
578.000000000,0.889332241,0.135800000,0.880463070,0.000351334,0.032000000,0.000932000,0.889204800
579.000000000,0.879728465,0.128500000,0.870754595,0.000322045,0.029800000,0.000854500,0.879781600
580.000000000,0.870124688,0.121200000,0.861050588,0.000292769,0.027800000,0.000777000,0.870000000
581.000000000,0.859819212,0.114500000,0.850067835,0.000292499,0.025900000,0.000777000,0.859861300
582.000000000,0.849513736,0.107800000,0.839105323,0.000292230,0.024100000,0.000777000,0.849392000
583.000000000,0.838606822,0.101700000,0.827569474,0.000291961,0.022400000,0.000777000,0.838622000
584.000000000,0.827699909,0.095600000,0.816054846,0.000291692,0.020800000,0.000777000,0.827581300
585.000000000,0.816304976,0.090050000,0.804080668,0.000291424,0.019300000,0.000777000,0.816300000
586.000000000,0.804910044,0.084500000,0.792125120,0.000291155,0.017900000,0.000777000,0.804794700
587.000000000,0.793107002,0.079500000,0.779790348,0.000290887,0.016600000,0.000777000,0.793082000
588.000000000,0.781303961,0.074500000,0.767478287,0.000290619,0.015400000,0.000777000,0.781192000
589.000000000,0.769206227,0.070000000,0.754899664,0.000290352,0.014300000,0.000777000,0.769154700
590.000000000,0.757108494,0.065500000,0.742344158,0.000290085,0.013300000,0.000777000,0.757000000
591.000000000,0.744817932,0.061450000,0.730293274,0.000290085,0.012300000,0.000777000,0.744754100
592.000000000,0.732527371,0.057400000,0.718242391,0.000290085,0.011400000,0.000777000,0.732422400
593.000000000,0.720062635,0.053800000,0.706020729,0.000290085,0.010500000,0.000777000,0.720003600
594.000000000,0.707597899,0.050200000,0.693799067,0.000290085,0.009760000,0.000777000,0.707496500
595.000000000,0.694957437,0.047000000,0.681405106,0.000290085,0.009030000,0.000777000,0.694900000
596.000000000,0.682316976,0.043800000,0.669011146,0.000290085,0.008350000,0.000777000,0.682219200
597.000000000,0.669542745,0.040980000,0.656486025,0.000290085,0.007720000,0.000777000,0.669471600
598.000000000,0.656768515,0.038160000,0.643960904,0.000290085,0.007150000,0.000777000,0.656674400
599.000000000,0.643929475,0.035655000,0.631372238,0.000290085,0.006610000,0.000777000,0.643844800
600.000000000,0.631090435,0.033150000,0.618783571,0.000290085,0.006110000,0.000777000,0.631000000
601.000000000,0.618245794,0.030945000,0.606189413,0.000261151,0.005650000,0.000699500,0.618155500
602.000000000,0.605401153,0.028740000,0.593595255,0.000232217,0.005220000,0.000622000,0.605314400
603.000000000,0.592561064,0.026805000,0.581005559,0.000203097,0.004830000,0.000544000,0.592475600
604.000000000,0.579720974,0.024870000,0.568415863,0.000173976,0.004460000,0.000466000,0.579637900
605.000000000,0.566880734,0.023170000,0.555826020,0.000145043,0.004120000,0.000388500,0.566800000
606.000000000,0.554040494,0.021470000,0.543236177,0.000116109,0.003800000,0.000311000,0.553961100
607.000000000,0.541234509,0.019990000,0.530679921,0.000086988,0.003510000,0.000233000,0.541137200
608.000000000,0.528428524,0.018510000,0.518123665,0.000057868,0.003250000,0.000155000,0.528352800
609.000000000,0.515750307,0.017220000,0.505692685,0.000028934,0.003000000,0.000077500,0.515632300
610.000000000,0.503072090,0.015930000,0.493261705,0.000000000,0.002770000,0.000000000,0.503000000
611.000000000,0.490585501,0.014810000,0.481018617,0.000000000,0.002560000,0.000000000,0.490468800
612.000000000,0.478098912,0.013690000,0.468775528,0.000000000,0.002360000,0.000000000,0.478030400
613.000000000,0.465783547,0.012720000,0.456700325,0.000000000,0.002180000,0.000000000,0.465677600
614.000000000,0.453468182,0.011750000,0.444625121,0.000000000,0.002010000,0.000000000,0.453403200
615.000000000,0.441304839,0.010910000,0.432698975,0.000000000,0.001860000,0.000000000,0.441200000
616.000000000,0.429141496,0.010070000,0.420772829,0.000000000,0.001720000,0.000000000,0.429080000
617.000000000,0.417115773,0.009345000,0.408981618,0.000000000,0.001580000,0.000000000,0.417036000
618.000000000,0.405090049,0.008620000,0.397190408,0.000000000,0.001460000,0.000000000,0.405032000
619.000000000,0.393072327,0.007995000,0.385407043,0.000000000,0.001350000,0.000000000,0.393032000
620.000000000,0.381054605,0.007370000,0.373623677,0.000000000,0.001250000,0.000000000,0.381000000
621.000000000,0.368966473,0.006835000,0.361771275,0.000000000,0.001160000,0.000000000,0.368918400
622.000000000,0.356878340,0.006300000,0.349918873,0.000000000,0.001070000,0.000000000,0.356827200
623.000000000,0.344871820,0.005840000,0.338146491,0.000000000,0.000986000,0.000000000,0.344776800
624.000000000,0.332865299,0.005380000,0.326374109,0.000000000,0.000912000,0.000000000,0.332817600
625.000000000,0.321123867,0.004985000,0.314861646,0.000000000,0.000843000,0.000000000,0.321000000
626.000000000,0.309382435,0.004590000,0.303349183,0.000000000,0.000779000,0.000000000,0.309338100
627.000000000,0.298008555,0.004251500,0.292197104,0.000000000,0.000721000,0.000000000,0.297850400
628.000000000,0.286634675,0.003913000,0.281045026,0.000000000,0.000667000,0.000000000,0.286593600
629.000000000,0.275836327,0.003624000,0.270457256,0.000000000,0.000617000,0.000000000,0.275624500
630.000000000,0.265037980,0.003335000,0.259869487,0.000000000,0.000571000,0.000000000,0.265000000
631.000000000,0.254981338,0.003088500,0.250008960,0.000000000,0.000529000,0.000000000,0.254763200
632.000000000,0.244924697,0.002842000,0.240148432,0.000000000,0.000490000,0.000000000,0.244889600
633.000000000,0.235504948,0.002631500,0.230912377,0.000000000,0.000454000,0.000000000,0.235334400
634.000000000,0.226085198,0.002421000,0.221676322,0.000000000,0.000420000,0.000000000,0.226052800
635.000000000,0.217138316,0.002241500,0.212903912,0.000000000,0.000390000,0.000000000,0.217000000
636.000000000,0.208191433,0.002062000,0.204131502,0.000000000,0.000361000,0.000000000,0.208161600
637.000000000,0.199687015,0.001909500,0.195792928,0.000000000,0.000335000,0.000000000,0.199548800
638.000000000,0.191182596,0.001757000,0.187454354,0.000000000,0.000311000,0.000000000,0.191155200
639.000000000,0.183103839,0.001627000,0.179533140,0.000000000,0.000288000,0.000000000,0.182974400
640.000000000,0.175025081,0.001497000,0.171611925,0.000000000,0.000267000,0.000000000,0.175000000
641.000000000,0.167347181,0.001386500,0.164083751,0.000000000,0.000248000,0.000000000,0.167223500
642.000000000,0.159669280,0.001276000,0.156555577,0.000000000,0.000230000,0.000000000,0.159646400
643.000000000,0.152407990,0.001182000,0.149435889,0.000000000,0.000214000,0.000000000,0.152277600
644.000000000,0.145146699,0.001088000,0.142316200,0.000000000,0.000199000,0.000000000,0.145125900
645.000000000,0.138332923,0.001008000,0.135635299,0.000000000,0.000184000,0.000000000,0.138200000
646.000000000,0.131519147,0.000928000,0.128954398,0.000000000,0.000171000,0.000000000,0.131500300
647.000000000,0.125157685,0.000860000,0.122716991,0.000000000,0.000159000,0.000000000,0.125024800
648.000000000,0.118796223,0.000792000,0.116479584,0.000000000,0.000148000,0.000000000,0.118779200
649.000000000,0.112905779,0.000734500,0.110704009,0.000000000,0.000138000,0.000000000,0.112769100
650.000000000,0.107015335,0.000677000,0.104928434,0.000000000,0.000128000,0.000000000,0.107000000
651.000000000,0.101608881,0.000628000,0.099627411,0.000000000,0.000119000,0.000000000,0.101476200
652.000000000,0.096202426,0.000579000,0.094326387,0.000000000,0.000111000,0.000000000,0.096188640
653.000000000,0.091239820,0.000537500,0.089460556,0.000000000,0.000103000,0.000000000,0.091122960
654.000000000,0.086277214,0.000496000,0.084594726,0.000000000,0.000095800,0.000000000,0.086264850
655.000000000,0.081704453,0.000460500,0.080111139,0.000000000,0.000089200,0.000000000,0.081600000
656.000000000,0.077131693,0.000425000,0.075627551,0.000000000,0.000083000,0.000000000,0.077120640
657.000000000,0.072925810,0.000394750,0.071503687,0.000000000,0.000077300,0.000000000,0.072825520
658.000000000,0.068719927,0.000364500,0.067379823,0.000000000,0.000072000,0.000000000,0.068710080
659.000000000,0.064864335,0.000338700,0.063599419,0.000000000,0.000067100,0.000000000,0.064769760
660.000000000,0.061008743,0.000312900,0.059819014,0.000000000,0.000062500,0.000000000,0.061000000
661.000000000,0.057485758,0.000290900,0.056364731,0.000000000,0.000058200,0.000000000,0.057396210
662.000000000,0.053962773,0.000268900,0.052910448,0.000000000,0.000054300,0.000000000,0.053955040
663.000000000,0.050759619,0.000250100,0.049769758,0.000000000,0.000050600,0.000000000,0.050673760
664.000000000,0.047556465,0.000231300,0.046629068,0.000000000,0.000047100,0.000000000,0.047549650
665.000000000,0.044660585,0.000215200,0.043789661,0.000000000,0.000044000,0.000000000,0.044580000
666.000000000,0.041764705,0.000199100,0.040950253,0.000000000,0.000041000,0.000000000,0.041758720
667.000000000,0.039166893,0.000185350,0.038403101,0.000000000,0.000038200,0.000000000,0.039084960
668.000000000,0.036569081,0.000171600,0.035855949,0.000000000,0.000035700,0.000000000,0.036563840
669.000000000,0.034286834,0.000159800,0.033618208,0.000000000,0.000033300,0.000000000,0.034200480
670.000000000,0.032004586,0.000148000,0.031380467,0.000000000,0.000031100,0.000000000,0.032000000
671.000000000,0.030042625,0.000137850,0.029456766,0.000000000,0.000029000,0.000000000,0.029962610
672.000000000,0.028080664,0.000127700,0.027533065,0.000000000,0.000027100,0.000000000,0.028076640
673.000000000,0.026396128,0.000119050,0.025881378,0.000000000,0.000025300,0.000000000,0.026329360
674.000000000,0.024711591,0.000110400,0.024229692,0.000000000,0.000023600,0.000000000,0.024708050
675.000000000,0.023257743,0.000102900,0.022804195,0.000000000,0.000022100,0.000000000,0.023200000
676.000000000,0.021803895,0.000095400,0.021378698,0.000000000,0.000020600,0.000000000,0.021800770
677.000000000,0.020543869,0.000089000,0.020143244,0.000000000,0.000019300,0.000000000,0.020501120
678.000000000,0.019283844,0.000082600,0.018907790,0.000000000,0.000018000,0.000000000,0.019281080
679.000000000,0.018143140,0.000077050,0.017789332,0.000000000,0.000016800,0.000000000,0.018120690
680.000000000,0.017002436,0.000071500,0.016670873,0.000000000,0.000015700,0.000000000,0.017000000
681.000000000,0.015920872,0.000066750,0.015610399,0.000000000,0.000014700,0.000000000,0.015903790
682.000000000,0.014839307,0.000062000,0.014549926,0.000000000,0.000013800,0.000000000,0.014837180
683.000000000,0.013837963,0.000057900,0.013568110,0.000000000,0.000012900,0.000000000,0.013810680
684.000000000,0.012836619,0.000053800,0.012586293,0.000000000,0.000012100,0.000000000,0.012834780
685.000000000,0.011953258,0.000050250,0.011720158,0.000000000,0.000011300,0.000000000,0.011920000
686.000000000,0.011069896,0.000046700,0.010854023,0.000000000,0.000010600,0.000000000,0.011068310
687.000000000,0.010302287,0.000043650,0.010101383,0.000000000,0.000009900,0.000000000,0.010273390
688.000000000,0.009534678,0.000040600,0.009348742,0.000000000,0.000009270,0.000000000,0.009533311
689.000000000,0.008872927,0.000037965,0.008699897,0.000000000,0.000008680,0.000000000,0.008846157
690.000000000,0.008211176,0.000035330,0.008051051,0.000000000,0.000008130,0.000000000,0.008210000
691.000000000,0.007648808,0.000033040,0.007499649,0.000000000,0.000007620,0.000000000,0.007623781
692.000000000,0.007086439,0.000030750,0.006948247,0.000000000,0.000007140,0.000000000,0.007085424
693.000000000,0.006612902,0.000028770,0.006483944,0.000000000,0.000006690,0.000000000,0.006591476
694.000000000,0.006139365,0.000026790,0.006019641,0.000000000,0.000006280,0.000000000,0.006138485
695.000000000,0.005741595,0.000025075,0.005629628,0.000000000,0.000005890,0.000000000,0.005723000
696.000000000,0.005343825,0.000023360,0.005239615,0.000000000,0.000005520,0.000000000,0.005343059
697.000000000,0.005010450,0.000021870,0.004912741,0.000000000,0.000005170,0.000000000,0.004995796
698.000000000,0.004677074,0.000020380,0.004585867,0.000000000,0.000004860,0.000000000,0.004676404
699.000000000,0.004389831,0.000019090,0.004304225,0.000000000,0.000004560,0.000000000,0.004380075
700.000000000,0.004102588,0.000017800,0.004022584,0.000000000,0.000004280,0.000000000,0.004102000
701.000000000,0.003846101,0.000016680,0.003771098,0.000000000,0.000004020,0.000000000,0.003838453
702.000000000,0.003589613,0.000015560,0.003519612,0.000000000,0.000003770,0.000000000,0.003589099
703.000000000,0.003362078,0.000014580,0.003296514,0.000000000,0.000003540,0.000000000,0.003354219
704.000000000,0.003134542,0.000013600,0.003073415,0.000000000,0.000003320,0.000000000,0.003134093
705.000000000,0.002936537,0.000012755,0.002879271,0.000000000,0.000003120,0.000000000,0.002929000
706.000000000,0.002738531,0.000011910,0.002685127,0.000000000,0.000002930,0.000000000,0.002738139
707.000000000,0.002566059,0.000011170,0.002516019,0.000000000,0.000002760,0.000000000,0.002559876
708.000000000,0.002393587,0.000010430,0.002346910,0.000000000,0.000000000,0.000000000,0.002393244
709.000000000,0.002242443,0.000009785,0.002198714,0.000000000,0.000000000,0.000000000,0.002237275
710.000000000,0.002091300,0.000009140,0.002050517,0.000000000,0.000000000,0.000000000,0.002091000
711.000000000,0.001958071,0.000008580,0.001919887,0.000000000,0.000000000,0.000000000,0.001953587
712.000000000,0.001824842,0.000008020,0.001789256,0.000000000,0.000000000,0.000000000,0.001824580
713.000000000,0.001707628,0.000007530,0.001674328,0.000000000,0.000000000,0.000000000,0.001703580
714.000000000,0.001590415,0.000007040,0.001559400,0.000000000,0.000000000,0.000000000,0.001590187
715.000000000,0.001487555,0.000006610,0.001458546,0.000000000,0.000000000,0.000000000,0.001484000
716.000000000,0.001384695,0.000006180,0.001357692,0.000000000,0.000000000,0.000000000,0.001384496
717.000000000,0.001294480,0.000005810,0.001269236,0.000000000,0.000000000,0.000000000,0.001291268
718.000000000,0.001204265,0.000005440,0.001180780,0.000000000,0.000000000,0.000000000,0.001204092
719.000000000,0.001125707,0.000005110,0.001103755,0.000000000,0.000000000,0.000000000,0.001122744
720.000000000,0.001047150,0.000004780,0.001026730,0.000000000,0.000000000,0.000000000,0.001047000
721.000000000,0.000979195,0.000004495,0.000960100,0.000000000,0.000000000,0.000000000,0.000976590
722.000000000,0.000911240,0.000004210,0.000893470,0.000000000,0.000000000,0.000000000,0.000911109
723.000000000,0.000852296,0.000003959,0.000835675,0.000000000,0.000000000,0.000000000,0.000850133
724.000000000,0.000793352,0.000003709,0.000777881,0.000000000,0.000000000,0.000000000,0.000793238
725.000000000,0.000742139,0.000003490,0.000727666,0.000000000,0.000000000,0.000000000,0.000740000
726.000000000,0.000690926,0.000003270,0.000677452,0.000000000,0.000000000,0.000000000,0.000690083
727.000000000,0.000645253,0.000003077,0.000632670,0.000000000,0.000000000,0.000000000,0.000643310
728.000000000,0.000599581,0.000002884,0.000587889,0.000000000,0.000000000,0.000000000,0.000599496
729.000000000,0.000559828,0.000002715,0.000548911,0.000000000,0.000000000,0.000000000,0.000558455
730.000000000,0.000520075,0.000002546,0.000509933,0.000000000,0.000000000,0.000000000,0.000520000
